t sigma_z_hops sigma_z_homps_RK4 sigma_z_homps_TDVP
0.0 1.0 1.0 1.0
0.06012024048096192 0.9928193497732706 0.9928017566337477 0.9927601182420817
0.12024048096192384 0.9716080410852191 0.9715321909033211 0.9712290330998636
0.18036072144288576 0.9373239561431146 0.9371199788184211 0.9362018601940583
0.24048096192384769 0.8914416456804143 0.8910113756140394 0.8890438902543272
0.3006012024048096 0.8358586456087267 0.8350015585830821 0.8316543631622751
0.3607214428857715 0.7726217885479469 0.7713159138087543 0.7664971180056034
0.42084168336673344 0.7042134663648498 0.7021118786010196 0.6963092687851725
0.48096192384769537 0.6325350660206028 0.6300785597173751 0.623536697837655
0.5410821643286573 0.5597399584890619 0.5570380941926907 0.5507119731238324
0.6012024048096192 0.4881345472405275 0.4847666101058272 0.4795763535505825
0.6613226452905812 0.41900676545887283 0.4156504799338374 0.41176452612486275
0.721442885771543 0.3539527391293749 0.3505812096441568 0.3486117124820572
0.781563126252505 0.2942402357163905 0.29122874259733933 0.29131555239145485
0.8416833667334669 0.2410443568163315 0.23813744660542202 0.2402006347724659
0.9018036072144289 0.19518860333453353 0.1920008388149551 0.19590487161819378
0.9619238476953907 0.1568178159120884 0.15368132831617914 0.15889114311421537
1.0220440881763526 0.12619745075166627 0.12281587047134251 0.12923722895967504
1.0821643286573146 0.10329868205155096 0.09961766180645139 0.10723316724010497
1.1422845691382766 0.0878601592977597 0.08354052423010153 0.09226074966462389
1.2024048096192383 0.07922528136862599 0.07423028947458513 0.0839663532625562
1.2625250501002003 0.07649981429815592 0.07114475135756436 0.08192505055568232
1.3226452905811623 0.07952993602116495 0.07380133594364773 0.08547634337263786
1.3827655310621243 0.08767913453071456 0.0813544631776641 0.09444536852448004
1.442885771543086 0.09986603208951933 0.09313794044777694 0.10749491499445742
1.503006012024048 0.11598678360548183 0.10850602588816237 0.12414431220825833
1.56312625250501 0.1351761321189198 0.12713575896204984 0.14441615677279415
1.6232464929859718 0.15704134746910522 0.14894531413637094 0.16708327757928956
1.6833667334669338 0.18058166686589083 0.17270250338669826 0.19157923637860627
1.7434869739478958 0.20567097659076508 0.19800463090435702 0.21710340292385671
1.8036072144288577 0.23173704824674254 0.22425112752421172 0.24301221775740528
1.8637274549098195 0.2579588548146144 0.250455056785095 0.2689348026004704
1.9238476953907815 0.2837595381900344 0.27617538466525965 0.2942940895020518
1.9839679358717435 0.30859571639321254 0.30097984496954766 0.3184013150653718
2.0440881763527052 0.331812228183601 0.3245693519409336 0.3412763148476816
2.1042084168336674 0.35305423009752107 0.3463414533772142 0.3620247138031803
2.164328657314629 0.3716843543267081 0.36610986812961366 0.3802484593171999
2.224448897795591 0.38771284825162955 0.38356350687058854 0.3960978403595316
2.284569138276553 0.4009807871768905 0.3980117861493658 0.40932388673703574
2.344689378757515 0.4114136440194905 0.4093959619007405 0.42007255554507517
2.4048096192384767 0.4188893370042584 0.41802314855798733 0.4276288958550077
2.464929859719439 0.4233564028182184 0.4234323880183587 0.43182092533706945
2.5250501002004007 0.4248946449745052 0.4255500306057713 0.43274395893478995
2.5851703406813624 0.42350751061817443 0.4244338140413935 0.43035011345035373
2.6452905811623246 0.41944543974500687 0.42013690942168397 0.42502217531196557
2.7054108216432864 0.41260503835925966 0.4131299635099875 0.41640798722654737
2.7655310621242486 0.4033236826016714 0.4033229463058932 0.4051833462184459
2.8256513026052104 0.3918079817513554 0.3910123540182084 0.39115353010575077
2.885771543086172 0.37793799904752234 0.3765200680204087 0.37488027188533535
2.9458917835671343 0.3618770265991609 0.3601203994673191 0.357059768469089
3.006012024048096 0.34456240807945443 0.34227728551888464 0.33784081286857504
3.066132264529058 0.3260498438067378 0.32298485419119705 0.3177509688341686
3.12625250501002 0.3062135282767035 0.30275025961231145 0.2969945680198856
3.186372745490982 0.2855925042927145 0.2818475344742319 0.2758542137295397
3.2464929859719436 0.2642891359224942 0.26072134539780234 0.25468201345498964
3.306613226452906 0.24275679911378384 0.23930329403328238 0.23402295109421853
3.3667334669338675 0.22139321427880865 0.21834930014180146 0.21435332065176363
3.4268537074148293 0.20056643358293078 0.1982534716872431 0.19570720024435725
3.4869739478957915 0.1806567799281875 0.17872418980020582 0.17815534378416847
3.5470941883767533 0.16184095033999432 0.16040592400846754 0.16181415980396763
3.6072144288577155 0.14466225099505906 0.14370473954277058 0.14709715591691733
3.6673346693386772 0.12926588945623 0.12846726387807014 0.1341239779120153
3.727454909819639 0.11564105370656559 0.11541041319417325 0.12303761625987714
3.787575150300601 0.10394016907059879 0.10448545703192216 0.11398458650641326
3.847695390781563 0.09422355541597703 0.09563981241536719 0.10680371911438205
3.9078156312625247 0.0867469739341816 0.08904465320781436 0.10161571615210124
3.967935871743487 0.08137091889833609 0.0845702056991542 0.09801968815228936
4.028056112224449 0.07821068027482977 0.08210521056254545 0.09688912333720359
4.0881763527054105 0.07725743702923885 0.08142199781894283 0.09697016934264817
4.148296593186372 0.07850758510516041 0.08236803526087991 0.0985207156682543
4.208416833667335 0.0815637083403234 0.08483204099133636 0.10099725809397135
4.268537074148297 0.08587089787799175 0.08873602237985566 0.10504867852460743
4.328657314629258 0.09149669525855056 0.09423702085182208 0.1099339845235486
4.38877755511022 0.09823978032630142 0.10080502961509792 0.11588779583675723
4.448897795591182 0.10560360558565897 0.10843005270415779 0.12228539491277621
4.509018036072144 0.1137359715966064 0.11633845521153365 0.12911157788358163
4.569138276553106 0.12236342177668331 0.12462570134746424 0.13586040412913836
4.629258517034068 0.13132613273098762 0.13274728451312542 0.1425681080881331
4.68937875751503 0.13997023748175427 0.14034784545471274 0.14924795140339955
4.749498997995992 0.14786086606565238 0.14737989994183132 0.15530315922626298
4.809619238476953 0.1551855222581401 0.15406737343595223 0.1609324005873489
4.869739478957916 0.16168901602690586 0.15982081514862903 0.1659380051204192
4.929859719438878 0.16732722808932354 0.16462700192757804 0.16982440167159926
4.98997995991984 0.1717226710483278 0.16839580530314432 0.17297617741599133
5.050100200400801 0.1749625621563992 0.17119381350787308 0.17550969334145414
5.110220440881763 0.17691747884527964 0.17309011098526902 0.17700137360507903
5.170340681362725 0.1774645909896603 0.17366030573012603 0.17708015235251306
5.2304609218436875 0.17697371085030666 0.17332860587583984 0.17618723127940275
5.290581162324649 0.17495131626611546 0.17171789061605044 0.17384435940093937
5.350701402805611 0.17188475250639296 0.16938181621926018 0.1705079453491644
5.410821643286573 0.1676182572995953 0.1662773520790805 0.1664635896884266
5.4709418837675345 0.16226969608114558 0.16199364846718578 0.16109897274310922
5.531062124248497 0.15584146166191104 0.15670376225798446 0.15450799596522652
5.591182364729459 0.1485749837225242 0.15067439418882383 0.14734880188490546
5.651302605210421 0.14061951601316885 0.14393886940979847 0.13928622571675153
5.7114228456913825 0.1324614300799828 0.13636554355079178 0.1309535113836615
5.771543086172344 0.12421957557902696 0.1281992395392194 0.12260727970974776
5.831663326653306 0.11583257901113161 0.11960232140878017 0.11389584741903745
5.891783567134269 0.10723980131050412 0.11051236858617654 0.10477959897369626
5.95190380761523 0.09849361873985289 0.10098727274157691 0.0957113833351664
6.012024048096192 0.09004707957550347 0.091420568192759 0.08693530881397615
6.072144288577154 0.08169778631677929 0.08212489525486165 0.0785160016866227
6.132264529058116 0.07298940724530864 0.07291702201133143 0.07072175080074194
6.192384769539078 0.0648518928560498 0.06389997051942813 0.06283628615799465
6.25250501002004 0.05703421266068756 0.055577442709265325 0.05529381424924245
6.312625250501002 0.049800611117897145 0.047542849895938426 0.04861419293503442
6.372745490981964 0.04332169239435827 0.03991658642781879 0.042429643945345624
6.432865731462925 0.03752922668807027 0.03301967509368003 0.03685909311993712
6.492985971943887 0.03283729067277702 0.026717069531480734 0.03252859311898367
6.55310621242485 0.028966711106508926 0.021132069658352973 0.028896710274130426
6.613226452905812 0.025709187176044156 0.016621976509964578 0.02626000362787919
6.673346693386773 0.023399890359402355 0.013346749494903503 0.023835305647917606
6.733466933867735 0.022040350530168566 0.0110709463239049 0.022182922323049935
6.793587174348697 0.021177097890424268 0.009803061586972186 0.021245589246282247
6.853707414829659 0.020825409105482293 0.009431639105966377 0.021286999542256217
6.913827655310621 0.021121362986140115 0.009778373124753346 0.02104660940428775
6.973947895791583 0.02166248566044927 0.010701693809983337 0.02118121369537845
7.034068136272545 0.02276715077483649 0.012295571790301404 0.021574748508881584
7.0941883767535066 0.024042045800141777 0.01440493428711317 0.022382839764197995
7.154308617234468 0.02555356778564236 0.01671136199727776 0.02306165165514551
7.214428857715431 0.026958182890419475 0.01920883329230698 0.02391171070550644
7.274549098196393 0.02856195506741836 0.021626298795398798 0.024849870536614877
7.3346693386773545 0.030209611509586624 0.023942601530622217 0.02602816944602643
7.394789579158316 0.031588043535199735 0.026435799030395835 0.026646301214875472
7.454909819639278 0.032767231784174226 0.028410708514142517 0.027056708791780487
7.51503006012024 0.033631441485454217 0.030020949186477134 0.0274048457055699
7.575150300601202 0.03423455351385685 0.031236823851857394 0.027079874238692025
7.635270541082164 0.03441165653782294 0.03201694914025919 0.026756471128955947
7.695390781563126 0.03455776164479882 0.03228672531865294 0.02591752342533773
7.755511022044088 0.03412060529221236 0.031979413356855134 0.024961616079679953
7.8156312625250495 0.033321213974902446 0.03138686153133321 0.023735101672095256
7.875751503006012 0.032101295666662116 0.030372973025738974 0.022707605851794495
7.935871743486974 0.03067980927672439 0.028858879827057694 0.02185956583081952
7.995991983967936 0.028684446103417117 0.02678284907373354 0.020445315434468064
8.056112224448897 0.026231318877430892 0.023915681178660886 0.019010525608824987
8.11623246492986 0.023349408169913058 0.020983386358899198 0.01741184598078661
8.176352705410821 0.02023893779524984 0.017724285324206238 0.015455136932555444
8.236472945891784 0.01697665276777873 0.014149951020588684 0.013170687297395787
8.296593186372744 0.013213765058145283 0.00989178536784984 0.010218204937525885
8.356713426853707 0.009182676829962209 0.005088614852930771 0.007158217696739581
8.41683366733467 0.005121704027265437 0.00022770792702782785 0.0035988764888801057
8.47695390781563 0.0011289104394857623 -0.004993191825270049 -0.00025601441047310943
8.537074148296593 -0.0034593107551417084 -0.010133332948848252 -0.004224615608331851
8.597194388777554 -0.008001207668656335 -0.015130567733906907 -0.008369267356212741
8.657314629258517 -0.01263507584781308 -0.019965921251691193 -0.01296026170730789
8.71743486973948 -0.01705305342868568 -0.02479311627062999 -0.018016224215052102
8.77755511022044 -0.021695223792399857 -0.029606895153281073 -0.02305958257063337
8.837675350701403 -0.02614942364810228 -0.03389658642475688 -0.027436185037905115
8.897795591182364 -0.030516399633584695 -0.03828180450023642 -0.03182587740761914
8.957915831663327 -0.03501691254228824 -0.04211813693518776 -0.036233328231077506
9.018036072144287 -0.03930373268376614 -0.04544854574352909 -0.040531064778154505
9.07815631262525 -0.043109909476686734 -0.048703858922918036 -0.04464510811506286
9.138276553106213 -0.046663629250166413 -0.05182725891526328 -0.04841467981592186
9.198396793587174 -0.04956465560248581 -0.05448035690794842 -0.0515201573414422
9.258517034068136 -0.052240312623422935 -0.0569880848863512 -0.05447727514497353
9.318637274549097 -0.05467262529836555 -0.05927584464156338 -0.05725670764095952
9.37875751503006 -0.05681547947116183 -0.06110524655685742 -0.05919556328616928
9.438877755511022 -0.058681426136978805 -0.0625188014474654 -0.060728790424768565
9.498997995991983 -0.060044943320727774 -0.06360347654883103 -0.06178851694499956
9.559118236472946 -0.06160319188051994 -0.06444299828869415 -0.06276425678172738
9.619238476953907 -0.06308864347060728 -0.06533901354076864 -0.0637289468012101
9.67935871743487 -0.06447257829600858 -0.06574546549014502 -0.06470200846676481
9.739478957915832 -0.06582049267975434 -0.06578687489231186 -0.06554582283513041
9.799599198396793 -0.06712060921900277 -0.06539639604740696 -0.06627867447454705
9.859719438877756 -0.06850243086833857 -0.0646376086102296 -0.06685970035437905
9.919839679358716 -0.06954779100272154 -0.06382050943547593 -0.06746269002280163
9.97995991983968 -0.07056662893110952 -0.06320957175548751 -0.06781464738009478
10.040080160320642 -0.07141777500213585 -0.06271243824699901 -0.06810607216722848
10.100200400801603 -0.07221601268064384 -0.06235777835797946 -0.06839622398231558
10.160320641282565 -0.07330623232674355 -0.06212944783534233 -0.06900844154468845
10.220440881763526 -0.073929868587624 -0.06205381176912676 -0.06974945388363529
10.280561122244489 -0.07431731544390809 -0.06216277035416657 -0.07058421868511654
10.34068136272545 -0.07451800758211703 -0.06277127481636227 -0.0716641512538881
10.400801603206412 -0.07464671831963321 -0.06370331911959187 -0.07258705834845833
10.460921843687375 -0.0747029992037499 -0.06481385233960518 -0.07368096905424018
10.521042084168336 -0.07487029076799889 -0.06635903530603154 -0.0745922942045725
10.581162324649299 -0.07517435940725699 -0.06796389605084258 -0.07521710044749359
10.64128256513026 -0.07550150163753659 -0.07020701413203352 -0.07573070456002431
10.701402805611222 -0.07594843132690313 -0.07255588840628502 -0.07648601868926305
10.761523046092185 -0.07693056541596875 -0.07507351950873849 -0.0775532698939716
10.821643286573146 -0.0779220245637984 -0.0774753591391782 -0.07893694701202152
10.881763527054108 -0.07911136441506406 -0.07994170270680097 -0.08044229506360011
10.941883767535069 -0.08094245509500693 -0.08250460173202663 -0.08246589468375644
11.002004008016032 -0.08315770127794264 -0.08527802550831491 -0.0844738222741369
11.062124248496994 -0.08540394010083259 -0.08802602188545677 -0.08635809686429591
11.122244488977955 -0.08806227872959846 -0.09056773526335017 -0.08831429653639407
11.182364729458918 -0.09081563428377902 -0.09336374270396117 -0.09040063404015322
11.242484969939879 -0.09407854430993084 -0.09622922835636466 -0.09316090783818622
11.302605210420841 -0.09759405245757803 -0.09888555383129452 -0.09579518239210238
11.362725450901802 -0.1009376547647954 -0.10169626325968759 -0.09866238935116112
11.422845691382765 -0.10415477258506699 -0.10465881561717538 -0.10147078271101947
11.482965931863728 -0.10699905742102324 -0.10724672063112585 -0.10426723023463103
11.543086172344688 -0.10951834696365706 -0.10989851671712368 -0.10721289057261113
11.603206412825651 -0.11216133483497369 -0.11270254822776057 -0.11005442314245388
11.663326653306612 -0.11428694596406776 -0.11522341388450352 -0.1130780216876844
11.723446893787575 -0.11595989209191812 -0.11747932669990373 -0.11590224657731203
11.783567134268537 -0.11731951584528143 -0.11955279020380122 -0.11887569968279052
11.843687374749498 -0.11860251648746814 -0.12181485158035568 -0.12174503648369824
11.90380761523046 -0.11958186219552977 -0.12409920783053692 -0.1241966759297975
11.963927855711422 -0.12069483618980321 -0.12605806636725816 -0.12641157925459223
12.024048096192384 -0.1216084008949876 -0.127749280775555 -0.1285076682408449
12.084168336673347 -0.12238344257788383 -0.129367388993027 -0.13015053772090593
12.144288577154308 -0.12306155762287524 -0.1307283667732934 -0.13185334818548924
12.20440881763527 -0.12365513075187437 -0.1320231923377039 -0.13317701500432333
12.264529058116231 -0.124334592781144 -0.133296207949108 -0.13461702202041073
12.324649298597194 -0.12524362090102553 -0.1347385372024422 -0.1362788001416135
12.384769539078157 -0.12632103879856257 -0.13611518871025172 -0.13785428542167405
12.444889779559118 -0.12731302375357426 -0.1372803587876817 -0.13913478977045257
12.50501002004008 -0.128341461261729 -0.13825435017239773 -0.14043180457677681
12.565130260521041 -0.12953400381717928 -0.13903981422785006 -0.14131944857884893
12.625250501002004 -0.13053252695743608 -0.13994128838977227 -0.1423552093276647
12.685370741482965 -0.13169680270369932 -0.14071490409611756 -0.14330512153362734
12.745490981963927 -0.13293817241991907 -0.14132903485649703 -0.14399410559978398
12.80561122244489 -0.13388276394560936 -0.14172540589854624 -0.14446969029529846
12.86573146292585 -0.13501553160695431 -0.14218633501575556 -0.14522607921572867
12.925851703406813 -0.13608855362180255 -0.14286413879983023 -0.1455764879027939
12.985971943887774 -0.13732473159536762 -0.1438186342921769 -0.14597518682782115
13.046092184368737 -0.13858367844429276 -0.14498613422186168 -0.1462499626813245
13.1062124248497 -0.13996749686044524 -0.1464359383182577 -0.14665923408337284
13.16633266533066 -0.14120770029594715 -0.1479706678037125 -0.14672098778288484
13.226452905811623 -0.14219198166213412 -0.14943788777018843 -0.14697848168070704
13.286573146292584 -0.143400703322848 -0.1507600947673373 -0.14739811325982347
13.346693386773547 -0.1445979308005284 -0.15230317962891354 -0.14795450725428272
13.40681362725451 -0.14584448719416113 -0.15412022952582183 -0.14889148892114654
13.46693386773547 -0.1474398306968802 -0.1563956201735445 -0.14985345667332525
13.527054108216433 -0.14910551209922931 -0.15901590032135404 -0.1511763236583787
13.587174348697394 -0.1511394334439561 -0.1613773675507433 -0.15226304704552274
13.647294589178356 -0.15337847126816054 -0.16356726082067288 -0.1534835083334709
13.707414829659317 -0.15557411986112316 -0.16580248881764936 -0.15544947422907948
13.76753507014028 -0.1581221703299131 -0.1679590873910704 -0.1572279981375523
13.827655310621243 -0.16043858483195128 -0.17018476889105583 -0.1590901272906907
13.887775551102203 -0.16290842019376015 -0.17200109980360595 -0.16124742724226196
13.947895791583166 -0.1652695348644243 -0.17354082620714142 -0.16368885542663378
14.008016032064127 -0.1674664306151528 -0.17515440069096566 -0.16628712187325076
14.06813627254509 -0.1695631751839675 -0.17674035997700424 -0.1691813134206924
14.128256513026052 -0.1714961747009876 -0.17824550169389766 -0.17223234292635514
14.188376753507013 -0.17319138271527712 -0.1800020698549135 -0.175238734483234
14.248496993987976 -0.1749121638949513 -0.18161825001826862 -0.17835844987746163
14.308617234468937 -0.17644575558126283 -0.18322058989939652 -0.18119216739267205
14.3687374749499 -0.1777252031061334 -0.1845055651304909 -0.18374970744026786
14.428857715430862 -0.1790304224327713 -0.18540253873403925 -0.18598758290738962
14.488977955911823 -0.1802052814970344 -0.18627182685732596 -0.18784736603870056
14.549098196392785 -0.18100428418251313 -0.1869522870785953 -0.18946117967275192
14.609218436873746 -0.18186093320163885 -0.18755982112308098 -0.19075498313324848
14.669338677354709 -0.18255960081549846 -0.18814288856963998 -0.19203297659399443
14.729458917835672 -0.18318013464969546 -0.18878788746449712 -0.19340703828857664
14.789579158316633 -0.18379073965168555 -0.18932204195283445 -0.19465017314309768
14.849699398797595 -0.18427131167949404 -0.18981794170080085 -0.19597949218575392
14.909819639278556 -0.18472023872772247 -0.1903067340320824 -0.19706351483198917
14.969939879759519 -0.185173247201806 -0.19061951259338897 -0.1981966942715892
15.03006012024048 -0.18593286586451316 -0.19134222117971583 -0.1994187970815722
15.090180360721442 -0.18641794091200692 -0.19213358377546252 -0.20038403321570286
15.150300601202405 -0.18710804327766786 -0.1931018383994534 -0.20141086989563017
15.210420841683366 -0.1876502489584959 -0.19400914859623358 -0.20216946280924067
15.270541082164328 -0.18851051851773637 -0.19493135974206097 -0.20283036050799666
15.33066132264529 -0.18963828055096596 -0.19585726853385899 -0.2033777923996778
15.390781563126252 -0.19084236199759164 -0.19672316159284825 -0.2038771086641994
15.450901803607215 -0.19187882011739243 -0.19764834148081395 -0.20424564672801185
15.511022044088175 -0.19300958696788065 -0.1984961031098454 -0.20424298505298558
15.571142284569138 -0.19392502478373186 -0.19924784026006348 -0.20453816209335104
15.631262525050099 -0.19486676210326756 -0.20033542627152415 -0.20495536213473525
15.691382765531062 -0.19587846129311223 -0.2012824163659839 -0.20543095246947723
15.751503006012024 -0.19682106333834032 -0.20216723170304074 -0.20566323561154312
15.811623246492985 -0.1981450683954336 -0.20310891314855017 -0.20564792880199698
15.871743486973948 -0.1994451773125532 -0.20392878501702988 -0.20562479933548647
15.931863727454909 -0.2008397306399152 -0.20476222596257745 -0.20576493786434652
15.991983967935871 -0.20254560503022007 -0.20544185948015362 -0.20579360011477674
16.052104208416832 -0.20435108622439435 -0.20602697795407365 -0.20621946490541965
16.112224448897795 -0.20611450518980054 -0.2065728583073978 -0.2069088654909383
16.172344689378757 -0.20861014124789712 -0.20725962289491318 -0.20781500882239387
16.23246492985972 -0.21093186135430314 -0.20839543129006224 -0.208817577442862
16.29258517034068 -0.21328194957845567 -0.20960134439876965 -0.2102572870553688
16.352705410821642 -0.21577967082772012 -0.21101161235359409 -0.21194323991731803
16.412825651302605 -0.21819938895735785 -0.21294304488012475 -0.21371098761610857
16.472945891783567 -0.2202268349092104 -0.21472685935243963 -0.2156208777089601
16.53306613226453 -0.2222734892901036 -0.21654630407951964 -0.21782309414985265
16.59318637274549 -0.2239503347379322 -0.2179801301176828 -0.21995168606058232
16.65330661322645 -0.22539078040106292 -0.2189862452450093 -0.2218727663988875
16.713426853707414 -0.2267596973814353 -0.22042754032979422 -0.22373017650435445
16.773547094188377 -0.22779848486558468 -0.22212339254479976 -0.22529852881727802
16.83366733466934 -0.22885781426192042 -0.22346231334940217 -0.2266647946527868
16.8937875751503 -0.22972102267109407 -0.22506696602937454 -0.2275489850750052
16.95390781563126 -0.2306725325779542 -0.22660247116465643 -0.22828591425037004
17.014028056112224 -0.231693498955857 -0.2278282924147396 -0.2289787752597973
17.074148296593187 -0.2326998381243869 -0.22898527372562272 -0.2296251012999385
17.13426853707415 -0.23370785480238374 -0.2300893008264563 -0.2304122699852971
17.19438877755511 -0.234697833721282 -0.23121650137079347 -0.23109127187252865
17.25450901803607 -0.2358685389446618 -0.23173672007802779 -0.23128680593840226
17.314629258517034 -0.2373154766532802 -0.23238543601473174 -0.2313692468617254
17.374749498997996 -0.23868685033320952 -0.2331404353777421 -0.23149886427226032
17.43486973947896 -0.2401846807234548 -0.2335925963123163 -0.23199831587330605
17.494989979959918 -0.24148049448979128 -0.23412884930359373 -0.23232751500927037
17.55511022044088 -0.24249611701399632 -0.2347303490998552 -0.23295018577300317
17.615230460921843 -0.24352392993945046 -0.23566942812606662 -0.23359678519434365
17.675350701402806 -0.24439205991287305 -0.2364118319596962 -0.2345015762916928
17.73547094188377 -0.24511601251558213 -0.23748584809774612 -0.23532809691208822
17.795591182364728 -0.24553115159855998 -0.23881482193993894 -0.2363001410933943
17.85571142284569 -0.24624188418454482 -0.24019760956737135 -0.23743934019289653
17.915831663326653 -0.24675410185925156 -0.24162867705518196 -0.2386298801886818
17.975951903807616 -0.2468934741085717 -0.24298296071692416 -0.23953939074304034
18.036072144288575 -0.24699260493492448 -0.2440857986067062 -0.24086686133495155
18.096192384769537 -0.24758123038460636 -0.2449201656104191 -0.2422610056615018
18.1563126252505 -0.24803601811577355 -0.24581661297395344 -0.24326540107987327
18.216432865731463 -0.24852625134707682 -0.24690808242113294 -0.24406314923306635
18.276553106212425 -0.2492467791798972 -0.24817118062251178 -0.24481784165812578
18.336673346693384 -0.2501997607842296 -0.2493535539593803 -0.24554450727761806
18.396793587174347 -0.25095902889236765 -0.2505135740201876 -0.24633218800713338
18.45691382765531 -0.25227176437057175 -0.2517990378868093 -0.2470280982409347
18.517034068136272 -0.2536918608287252 -0.2531049239827012 -0.2477821243145213
18.577154308617235 -0.2551281579006133 -0.25432103960205543 -0.24851490996007197
18.637274549098194 -0.2565245184658649 -0.25548578218845613 -0.24920265903424887
18.697394789579157 -0.2582072448302228 -0.2565561826144931 -0.25008103260643755
18.75751503006012 -0.25975470854668786 -0.2577851934465063 -0.25082057946777225
18.817635270541082 -0.2611412804301778 -0.2587094063508284 -0.25156526423474984
18.877755511022045 -0.2624618809184086 -0.25969089965075765 -0.25222630085589726
18.937875751503004 -0.26379956149934525 -0.260562473160207 -0.25335506949054615
18.997995991983966 -0.26519349774829937 -0.2616671210105006 -0.2542728830958461
19.05811623246493 -0.2660275654289414 -0.263071507320182 -0.2552738674833137
19.118236472945892 -0.26665667732994935 -0.2642134871572135 -0.25609267827944354
19.178356713426854 -0.267052549341999 -0.2653279222269874 -0.25695512457040226
19.238476953907814 -0.2675321587378381 -0.26682795037146034 -0.2582426528264813
19.298597194388776 -0.26807845348694764 -0.2680535153366763 -0.2592903770903667
19.35871743486974 -0.2684215184528926 -0.2690899693949192 -0.26014728746549665
19.4188376753507 -0.268787745952868 -0.26975385097534277 -0.26121774391129
19.478957915831664 -0.26925988992860467 -0.27017584779971776 -0.2619663592585734
19.539078156312623 -0.26969375415007873 -0.27013177423674467 -0.2627420088198214
19.599198396793586 -0.27004006571205064 -0.2700721015099 -0.2633241651029586
19.65931863727455 -0.27055678940191485 -0.2700107170140889 -0.2636864035420022
19.71943887775551 -0.27076759170997666 -0.27018661259655347 -0.2641409076632339
19.779559118236474 -0.2710100291247553 -0.27051121912476295 -0.2649073259454575
19.839679358717433 -0.2713685303155973 -0.27094107263478007 -0.2657563195682124
19.899799599198396 -0.2719141397451682 -0.2714572826107341 -0.2667200812941162
19.95991983967936 -0.2724795563409409 -0.2718326682249426 -0.26780665096922246
20.02004008016032 -0.273420908476487 -0.2725355353047156 -0.2687104728934312
20.080160320641284 -0.2743984372093378 -0.2728900649342091 -0.2695727655685035
20.140280561122243 -0.2755016232592046 -0.27344360993853667 -0.27039270647303704
20.200400801603205 -0.2767077332017643 -0.274164044419482 -0.2711507296036283
20.260521042084168 -0.2781927550937235 -0.2750255793994477 -0.2718867851015557
20.32064128256513 -0.2796856929591439 -0.2759594577801615 -0.2726671815158315
20.38076152304609 -0.28118276746807574 -0.27686313105128313 -0.27376760441109493
20.440881763527052 -0.2827682004406359 -0.2776394208862601 -0.2747168400444339
20.501002004008015 -0.28401577742152684 -0.27866479008943357 -0.2758163289080138
20.561122244488978 -0.28531151273542926 -0.27971350570387377 -0.2770706689850559
20.62124248496994 -0.28649431774555156 -0.28083935308896335 -0.27839907521844726
20.6813627254509 -0.2874902890538272 -0.28210890024864255 -0.27980230464806216
20.741482965931862 -0.28835254919742365 -0.28359876140015006 -0.2812927321370532
20.801603206412825 -0.28906649201421203 -0.28502917201218697 -0.28276490238742213
20.861723446893787 -0.29017191016737787 -0.2864421359549539 -0.2840190077001891
20.92184368737475 -0.29111124951270523 -0.2878010700940955 -0.28484428138703954
20.98196392785571 -0.29207518019702733 -0.2890853315598423 -0.28523583131549907
21.04208416833667 -0.29327086486109166 -0.28989021383301766 -0.285866014763827
21.102204408817634 -0.2944467352677577 -0.290567580368399 -0.28628950638894574
21.162324649298597 -0.2953289563349014 -0.29105385478725837 -0.2868087829938626
21.22244488977956 -0.2961057864127184 -0.2913991851662087 -0.28777966071810823
21.28256513026052 -0.29682368892474625 -0.2916476082947979 -0.28884408858673577
21.34268537074148 -0.2977901549533876 -0.2923335485290825 -0.2901057145175126
21.402805611222444 -0.29840711385325003 -0.29297581685311264 -0.2910837094524939
21.462925851703407 -0.29876159870763863 -0.29373860823245035 -0.2923039274831048
21.52304609218437 -0.29906962770949314 -0.29472021133468396 -0.29316118368021726
21.58316633266533 -0.29905036427963644 -0.2958421031998621 -0.2938481580371238
21.64328657314629 -0.2988474943354951 -0.2969590278248856 -0.2948153092255713
21.703406813627254 -0.29854841498681356 -0.2976430395320894 -0.2956861578353716
21.763527054108216 -0.29812350422439016 -0.29844027348537816 -0.29636949981495414
21.82364729458918 -0.29755847130691127 -0.2990242064851148 -0.29668745151538467
21.883767535070138 -0.29715366792355835 -0.29962013124878256 -0.296739383061377
21.9438877755511 -0.29684656360049666 -0.3004568559656431 -0.29680324771170674
22.004008016032063 -0.2965079382804054 -0.30125307392777567 -0.29668495844669723
22.064128256513026 -0.2964556985368786 -0.30228219372505166 -0.2965132765066379
22.12424849699399 -0.29672107733585007 -0.30342805019420344 -0.2961869897542686
22.184368737474948 -0.29737117375734895 -0.3042603659188074 -0.29620274078602715
22.24448897795591 -0.2982039358591619 -0.3049908781175126 -0.2966671048883759
22.304609218436873 -0.2990996916124819 -0.3058052308387228 -0.297616419034713
22.364729458917836 -0.30015469312037363 -0.30653711834425273 -0.29852458118367603
22.4248496993988 -0.301139612836136 -0.3073974593092428 -0.2997373540216251
22.484969939879758 -0.3025483074559015 -0.3082863132543193 -0.3008800946200909
22.54509018036072 -0.30396815591305903 -0.30922860268412516 -0.3023706149750294
22.605210420841683 -0.3055125222520188 -0.310078877991287 -0.3034697975999914
22.665330661322646 -0.3070321418271656 -0.3107492369999432 -0.3046994992487651
22.725450901803605 -0.30872924441296484 -0.31152853960350224 -0.3061203912361867
22.785571142284567 -0.3104740640121635 -0.31213959503608174 -0.3074161892387347
22.84569138276553 -0.31217000315117127 -0.3126938931060011 -0.3087807333797231
22.905811623246493 -0.3138384076116236 -0.3130892032512898 -0.3099255982397767
22.965931863727455 -0.31522723737529845 -0.31338438390790724 -0.3108287970308917
23.026052104208414 -0.31666316115012216 -0.31372755842802774 -0.3118806708097659
23.086172344689377 -0.318073109986557 -0.3139885410404196 -0.3129528885047178
23.14629258517034 -0.3191878292323086 -0.3144160541360782 -0.31387189899461887
23.206412825651302 -0.32040466385421285 -0.3147428448371737 -0.31461194382396185
23.266533066132265 -0.32139451173516353 -0.3150380346173072 -0.31523551488336693
23.326653306613224 -0.32212988538990583 -0.31532956741992124 -0.31615135625310203
23.386773547094187 -0.32278743894724765 -0.3157615526902789 -0.3171804520439362
23.44689378757515 -0.32357550389644574 -0.31644581404043953 -0.3178043586274899
23.507014028056112 -0.32443133917393313 -0.31717309845263836 -0.3186772948028053
23.567134268537075 -0.3247976887653609 -0.31795953391523096 -0.3194638886968527
23.627254509018034 -0.3251966256261191 -0.31849547398179245 -0.3203692684698024
23.687374749498996 -0.3253511234470781 -0.3189101655812019 -0.3211599845981056
23.74749498997996 -0.3256618606228139 -0.31925911744491686 -0.3216473313729214
23.80761523046092 -0.3263307303571947 -0.3196545591907667 -0.32241806017464253
23.867735470941884 -0.3270297553286182 -0.3204984695256084 -0.3232459548992431
23.927855711422843 -0.32768813902155114 -0.321386689767772 -0.3239890441307974
23.987975951903806 -0.32834335067240245 -0.3220866623148062 -0.32472789584563044
24.04809619238477 -0.32880493778160436 -0.32306523209775323 -0.3252891370359012
24.10821643286573 -0.3292620392026139 -0.32386141319585116 -0.3258306068360111
24.168336673346694 -0.3296901599252784 -0.32486359586494606 -0.3265549308662231
24.228456913827653 -0.329905023552513 -0.325751623345483 -0.32723592293672205
24.288577154308616 -0.3301759260405817 -0.32650859541618593 -0.32791139940302116
24.34869739478958 -0.3304512783045246 -0.32716515626275705 -0.32837991576985426
24.40881763527054 -0.3307050893030997 -0.32790909987521333 -0.328278472743751
24.468937875751504 -0.3309691126715689 -0.32861761176337007 -0.32819607611315194
24.529058116232463 -0.3313794470596145 -0.32943924080381787 -0.3282646761832401
24.589178356713425 -0.3316884516431715 -0.3304098806640396 -0.3285659127911333
24.649298597194388 -0.3319592091498279 -0.33145338606921065 -0.328645010512442
24.70941883767535 -0.3322144242814893 -0.33224404147373093 -0.32893202937326116
24.769539078156313 -0.33248225463544734 -0.33246452665920784 -0.3297914708822944
24.829659318637272 -0.3326636145865805 -0.33270392652416503 -0.33049963182174225
24.889779559118235 -0.3332366513793875 -0.3324293461188458 -0.3317298289515718
24.949899799599198 -0.33406717551056164 -0.332595323590087 -0.33319045602790603
25.01002004008016 -0.3346903283710364 -0.3328572636780459 -0.3344736950773701
25.07014028056112 -0.335504633667903 -0.33304013375851804 -0.3359513136982774
25.130260521042082 -0.33625305493400465 -0.33356217698882384 -0.3370507246382916
25.190380761523045 -0.3369117158831843 -0.3343592513144692 -0.3378790109085924
25.250501002004007 -0.33742692797211327 -0.33516886550944375 -0.3387501300571274
25.31062124248497 -0.33777282476202625 -0.3362010368372583 -0.3394185299321903
25.37074148296593 -0.33798318986134673 -0.33728442635968875 -0.3398813355924631
25.430861723446892 -0.33821391653255056 -0.338300086966831 -0.3401431409115552
25.490981963927855 -0.33851745369781544 -0.33921049880899373 -0.3405284907661565
25.551102204408817 -0.33861473481727833 -0.34020577876698493 -0.3408503021810505
25.61122244488978 -0.33878933083762114 -0.3410750638295904 -0.3408016448593626
25.67134268537074 -0.33883578456422303 -0.3418111756081915 -0.3409021603889544
25.7314629258517 -0.3389703050982959 -0.34219963774864337 -0.3410261452030292
25.791583166332664 -0.33916480612841243 -0.3423213213816685 -0.34114182938588583
25.851703406813627 -0.3395376335925386 -0.3423934061703793 -0.34109938363721826
25.91182364729459 -0.3399689185483761 -0.34266861883912536 -0.3412567623149241
25.97194388777555 -0.34052376525324807 -0.342922219105221 -0.34139522727499877
26.03206412825651 -0.3416857556151136 -0.34331438324456937 -0.3413782755164917
26.092184368737474 -0.342994597305603 -0.3438801760697052 -0.34155317408696473
26.152304609218437 -0.34452995824543364 -0.3443265673140338 -0.34152673039957276
26.2124248496994 -0.3459819984108446 -0.34467075396514774 -0.34151751647052836
26.27254509018036 -0.34722891892640373 -0.345314892197651 -0.34162922494205006
26.33266533066132 -0.34863053161274565 -0.34594989561677647 -0.34225382029763807
26.392785571142284 -0.3499885518552264 -0.34657393888348953 -0.3428771541388264
26.452905811623246 -0.35155502397962823 -0.34723649777555327 -0.3435496083089895
26.51302605210421 -0.35303090659393266 -0.3476971138572021 -0.3441306812124257
26.573146292585168 -0.35425665700656056 -0.3482064966476114 -0.3446970676923642
26.63326653306613 -0.35523361799479936 -0.3487818646688564 -0.3453667574534486
26.693386773547093 -0.3557116864224176 -0.349368407959875 -0.3462070453587597
26.753507014028056 -0.35597782301925296 -0.35008713953289006 -0.34712040582993614
26.81362725450902 -0.35622803367982825 -0.3509866759635393 -0.3479729411496091
26.873747494989978 -0.35631317787105515 -0.3517808597505743 -0.3486133554691864
26.93386773547094 -0.3561061649320867 -0.35285387511050137 -0.34933975383206384
26.993987975951903 -0.3561118106457989 -0.35360087801181983 -0.35045088018804
27.054108216432866 -0.3562698194093381 -0.35418254118484455 -0.3515920307522974
27.11422845691383 -0.35630555190009044 -0.35483889324552703 -0.3527885629955128
27.174348697394787 -0.35658420082942527 -0.355415390172318 -0.35399552533035494
27.23446893787575 -0.3568437462455081 -0.35619610591955486 -0.3548422772937817
27.294589178356713 -0.35698215011186885 -0.35684394035366684 -0.3556564842318845
27.354709418837675 -0.35743029577735763 -0.3575129102161648 -0.35654314184982766
27.414829659318634 -0.35769652795810897 -0.35780669551858857 -0.35721901072129547
27.474949899799597 -0.35791231822025266 -0.35793919766249493 -0.3575378686827703
27.53507014028056 -0.35851367584707505 -0.3579909358149626 -0.35815270363866464
27.595190380761522 -0.35904389664582903 -0.3577960865877178 -0.3586073038736223
27.655310621242485 -0.3595452663985342 -0.35773756674953366 -0.3590364468254101
27.715430861723444 -0.35987874373345285 -0.3576251281189432 -0.35931193207934203
27.775551102204407 -0.3597974580177346 -0.3575642209170809 -0.35946384662585945
27.83567134268537 -0.35979535484129527 -0.35733464600570475 -0.3596795507287255
27.895791583166332 -0.35981212567988397 -0.35716224739477814 -0.35987709636724796
27.955911823647295 -0.3598821933784531 -0.35707250432611093 -0.3597631471409419
28.016032064128254 -0.3598881887563664 -0.35748635442562354 -0.359530942781329
28.076152304609217 -0.3601244143752916 -0.3580573419758818 -0.3596338784423007
28.13627254509018 -0.3606493836500856 -0.3586507321396025 -0.3597558318310538
28.196392785571142 -0.36135388857512696 -0.35923378730488625 -0.35994285096994627
28.256513026052104 -0.3625862111729012 -0.3599822894871237 -0.3602539109992515
28.316633266533064 -0.3636476924071076 -0.3606529720278909 -0.360228615807431
28.376753507014026 -0.3648853648078372 -0.36139027811880386 -0.36049911743530094
28.43687374749499 -0.36600619698519976 -0.3620230194124023 -0.3606637375913404
28.49699398797595 -0.3669915366222127 -0.36271758391334835 -0.3609566952844538
28.557114228456914 -0.3679653216926527 -0.3634541029694007 -0.3612334652964541
28.617234468937873 -0.36899289724114176 -0.3641217920578305 -0.3614824942308501
28.677354709418836 -0.36958941886434804 -0.3647185848725257 -0.3617815423111761
28.7374749498998 -0.37000579962689617 -0.36511787983416905 -0.36186778871312225
28.79759519038076 -0.3703221377934989 -0.3653191521478113 -0.3618632015863032
28.857715430861724 -0.3703796285775519 -0.36530940686036895 -0.36196506152260666
28.917835671342683 -0.3703133175724727 -0.36541781100121873 -0.36191651856595664
28.977955911823646 -0.3705161923236715 -0.36531582053671025 -0.3621140978660643
29.03807615230461 -0.37060828847815297 -0.365254914468842 -0.36283696096212115
29.09819639278557 -0.37082247439250743 -0.3654123712757626 -0.3634123133758837
29.158316633266534 -0.37121515261373195 -0.36555308667336756 -0.3644087250601488
29.218436873747493 -0.37177019649441356 -0.3654047088629472 -0.3653126780246351
29.278557114228455 -0.3722352524899297 -0.36503687223695663 -0.36609844871816166
29.338677354709418 -0.37284536777043076 -0.3648037170097382 -0.367312374820013
29.39879759519038 -0.3732212360531278 -0.36448460512395037 -0.36836913320732717
29.458917835671343 -0.3737081561385026 -0.3641297788963814 -0.3690980439506761
29.519038076152302 -0.3743365224805489 -0.3640301007806704 -0.36979821218667874
29.579158316633265 -0.37456878870974747 -0.3640623468655469 -0.3705070613629597
29.639278557114228 -0.3749743491319129 -0.3640179237065578 -0.37098735232406593
29.69939879759519 -0.375572164852634 -0.3639019207789645 -0.371465713664034
29.75951903807615 -0.3761131001621504 -0.3641068823087232 -0.37214214194501893
29.819639278557112 -0.37656469678063714 -0.3641742234519318 -0.3729116756633852
29.879759519038075 -0.37693054929708253 -0.36446462323044254 -0.37386793073540914
29.939879759519037 -0.3772949269665604 -0.3651315258593086 -0.37475380034191486
30.0 -0.37753246252408024 -0.36599779359193363 -0.3758996267195948
