t sigma_z_10 sigma_z_20 sigma_z_30 sigma_z_40
0.0 1.0 1.0 1.0 1.0
0.06012024048096192 0.9927875498214697 0.9927926394563441 0.9928022620395708 0.9927973380561687
0.12024048096192384 0.9714390894910534 0.971465807353176 0.9715332471607546 0.971495539642823
0.18036072144288576 0.9367681451719729 0.9369125183820998 0.9370822386294981 0.9370138601587249
0.24048096192384769 0.8902750345094761 0.8905411412909933 0.8909459813730886 0.890823771500576
0.3006012024048096 0.8338223770239238 0.8343261751445334 0.8349950241385367 0.8349021533331579
0.3607214428857715 0.7696760765551868 0.7703355556349639 0.7715534021408587 0.7712628115734241
0.42084168336673344 0.6999281255011858 0.7009138960739938 0.7027526472421983 0.7020717358475912
0.48096192384769537 0.6271486606171149 0.6284994794755329 0.6309391852770466 0.6296432809114152
0.5410821643286573 0.5534573499496861 0.5553721443276408 0.5582126154813302 0.5563516629901166
0.6012024048096192 0.4807929717772665 0.48368672963869597 0.48667350000337445 0.48392174189843046
0.6613226452905812 0.4109744385150851 0.4146355313960196 0.4181568390761817 0.4144376008163664
0.721442885771543 0.3455770762577337 0.35048076954443647 0.3539607062465047 0.34895743408159247
0.781563126252505 0.28601631392983484 0.2926985599943465 0.2956522180607823 0.28923873608542133
0.8416833667334669 0.2332336351757792 0.24147474886568834 0.24389400666460498 0.23620846782948665
0.9018036072144289 0.18794581954533604 0.19770313011641752 0.19921841986928074 0.1900423921082205
0.9619238476953907 0.15034872245872652 0.16136392257160245 0.16185799710991808 0.15086082267880932
1.0220440881763526 0.12018829625198209 0.13223822533514107 0.13193982104189364 0.11933380663985554
1.0821643286573146 0.09746972285191206 0.1104423244113212 0.10898360045201708 0.09532217763030214
1.1422845691382766 0.08146030622316555 0.09553948291401543 0.09298977411992199 0.07820393917616063
1.2024048096192383 0.0721756624823758 0.08679667654802366 0.08362875463139231 0.06784582360838329
1.2625250501002003 0.06875945532678354 0.08381508755599489 0.08069780896867162 0.06397785218083529
1.3226452905811623 0.07082876611290526 0.08620125824075676 0.08365484621168323 0.06590321777664182
1.3827655310621243 0.07799955473303405 0.09331242382048058 0.09160429453727337 0.07353875544205721
1.442885771543086 0.08962091875736093 0.10448039325841314 0.10348237350716057 0.08587065001292088
1.503006012024048 0.10521439908481163 0.11940603476567671 0.11888330490812729 0.10233917506007786
1.56312625250501 0.12424715568827069 0.13741778932793577 0.13741899702163524 0.1224956427549472
1.6232464929859718 0.14590951798197146 0.15838246730346708 0.1586866216609016 0.14560297769173342
1.6833667334669338 0.16969837709375815 0.1811979191386716 0.18211032925519627 0.1707941414888805
1.7434869739478958 0.19464876588396182 0.2050433031088707 0.20664818357714484 0.1973449911931066
1.8036072144288577 0.22033007543828834 0.22959736338483863 0.23191205398112774 0.22410456655862612
1.8637274549098195 0.24596660072522586 0.2545063612635072 0.2572239260096019 0.25086315281311194
1.9238476953907815 0.27133715604010505 0.2787680187143274 0.28239838765459907 0.2774959687762953
1.9839679358717435 0.29597912644301816 0.30213317281423013 0.30686663380500306 0.30307690142718063
2.0440881763527052 0.3192030103197971 0.32450586742357845 0.33013998991253274 0.3271483707634771
2.1042084168336674 0.3409286249826214 0.3454484158918389 0.3514320786288828 0.34968201631407275
2.164328657314629 0.3602706069015669 0.364481207605811 0.37098189660102177 0.36965698608318664
2.224448897795591 0.37708170156444887 0.3812520618223834 0.3878918049938668 0.38681186542137036
2.284569138276553 0.3906668441487097 0.39526669122609753 0.401857908003195 0.40144351557547864
2.344689378757515 0.4014624585304343 0.4064319037245137 0.412825732959655 0.4131220882364222
2.4048096192384767 0.4092643167617834 0.41460001373144634 0.4204369872808648 0.42161422365167234
2.464929859719439 0.41388380930123203 0.4196743840181925 0.42545369855224136 0.4269041830811093
2.5250501002004007 0.4153994298908672 0.421501400280494 0.42756217680540337 0.4291403707767878
2.5851703406813624 0.41370173843260655 0.420190715026233 0.4259717867844216 0.4282541761704737
2.6452905811623246 0.4089315775730707 0.41587434265645223 0.4210437163824505 0.42428763644201456
2.7054108216432864 0.4016761442353872 0.4085261625569871 0.4131698186179908 0.41707609079880875
2.7655310621242486 0.3916359978307158 0.3987436811619833 0.4023521754609065 0.40730044548294664
2.8256513026052104 0.37902546814484733 0.3864350933057284 0.38896796491517405 0.39462119011413616
2.885771543086172 0.36430965501195667 0.37202953371901265 0.37326850247404536 0.3796351215825381
2.9458917835671343 0.3479935351209669 0.35587795435300856 0.3556500993387709 0.3624825624778159
3.006012024048096 0.33006257281092066 0.33812349950480264 0.33675172507160794 0.34325670972269745
3.066132264529058 0.3109929770508258 0.3191800777489239 0.31683054932606664 0.32256430981972495
3.12625250501002 0.29091782436726094 0.2996407484115758 0.2959555726904529 0.3010427628474198
3.186372745490982 0.27041958622223067 0.27959808279725457 0.2744891563098245 0.27882316053373507
3.2464929859719436 0.2499705787077184 0.2593485102728107 0.25318381784505 0.25655692767157423
3.306613226452906 0.22953585530029205 0.23958103619781565 0.23180059232934785 0.23443011237758282
3.3667334669338675 0.2091306160713961 0.22065448330746076 0.21135525460172444 0.21303360848583625
3.4268537074148293 0.18970319611420694 0.2023456532047931 0.19180028474365818 0.1924911757774168
3.4869739478957915 0.17127232643939588 0.18503397512796518 0.1731397616820743 0.1727756949267751
3.5470941883767533 0.1538960556861386 0.1687713366002824 0.155656657432734 0.15421703461845235
3.6072144288577155 0.13802026952196553 0.15415640672413047 0.13963216944202173 0.13700909743359485
3.6673346693386772 0.12357831176952552 0.14097368361486737 0.12517903913639994 0.121697605342879
3.727454909819639 0.11075451030545018 0.12941062520939003 0.11259148257731966 0.10859558479013112
3.787575150300601 0.10017846057533253 0.11941232244430296 0.10162974209278895 0.0977395679747358
3.847695390781563 0.09197210142660635 0.11084888835742361 0.0926185542104848 0.08935845717404423
3.9078156312625247 0.08562524750325799 0.10414652053762556 0.08591826027338571 0.0830151990815954
3.967935871743487 0.08134116553970855 0.09942172131722478 0.08139421931738806 0.07882792726444295
4.028056112224449 0.07879281145183274 0.0963735780613805 0.0789322095574175 0.07652758924709371
4.0881763527054105 0.07754772312522307 0.0950647795760289 0.0781676282703966 0.07607952018245147
4.148296593186372 0.07797866807010587 0.0952996597801777 0.07913766245364291 0.0775991221872091
4.208416833667335 0.07991743328450854 0.09709376190496158 0.0817309005426168 0.08064009912314758
4.268537074148297 0.08332526421278928 0.0997376203452832 0.08572688181609316 0.08488750152829481
4.328657314629258 0.08776363273506763 0.1035337706164191 0.0909482833911595 0.09066473622605793
4.38877755511022 0.09339066426810375 0.10814619491516435 0.09703839193460835 0.09738594582742931
4.448897795591182 0.09995703367492781 0.11305693692869559 0.10356488175173943 0.10493653428534379
4.509018036072144 0.10691663591592382 0.1183914922633249 0.11055225717766339 0.11300879292943103
4.569138276553106 0.11426655525046178 0.12429942186154304 0.11774066279751687 0.12121692025507409
4.629258517034068 0.12202529048289695 0.1303841346338103 0.12492627944111419 0.12946724354466993
4.68937875751503 0.12986851289678836 0.13688155473212438 0.1320894820762649 0.13743098365383533
4.749498997995992 0.1376460149379704 0.14311839421088277 0.13895903287762762 0.14497774843119005
4.809619238476953 0.14520212924095455 0.14928180085321088 0.14552374087880662 0.15220640799462642
4.869739478957916 0.15244712950143893 0.15499075110692379 0.15162172690455275 0.1586276704284557
4.929859719438878 0.15902328093169305 0.15998180096878237 0.15723291561699163 0.16433076982871472
4.98997995991984 0.16444687399287436 0.16409747438441666 0.16169878104442287 0.16897896746271313
5.050100200400801 0.16866806365229928 0.16741099299945117 0.1651707416626663 0.17229261745226646
5.110220440881763 0.1718772034326704 0.16978615971382469 0.16735449632338548 0.17450443779773833
5.170340681362725 0.17399735267389158 0.17104460650520528 0.16838291467390262 0.17546968819866532
5.2304609218436875 0.17496396543041157 0.17115260230153345 0.16853407079746904 0.17515813871926436
5.290581162324649 0.17509460665504012 0.16985728330561964 0.16760695134559683 0.1735169229784658
5.350701402805611 0.17435806064264375 0.16755688324757215 0.1654943570074644 0.17062156162216421
5.410821643286573 0.17247331980352984 0.16420264597330878 0.16247683716008857 0.16643679296708144
5.4709418837675345 0.17000911159187104 0.15962812055372683 0.15861344321790635 0.16119415345472993
5.531062124248497 0.1667924832215434 0.15403339461291682 0.1537122279477861 0.15503247027079536
5.591182364729459 0.1634523841425718 0.14767291876843752 0.147813949457498 0.14839722440428657
5.651302605210421 0.15929508176306417 0.14047168201032412 0.1412794122476456 0.14086893539825815
5.7114228456913825 0.15490531255749942 0.13243779212717466 0.13394484304504398 0.1328215292654727
5.771543086172344 0.1505063553247324 0.12379253114320149 0.12570602488718008 0.1242057906201966
5.831663326653306 0.14572533132641474 0.11461060564745182 0.11681888449280893 0.11479465749589013
5.891783567134269 0.1411059213612405 0.10508058698373722 0.10753353111150284 0.10510360666312372
5.95190380761523 0.13681148209456534 0.09554236181271857 0.0981294702244138 0.09531438392376505
6.012024048096192 0.13217373329489945 0.08600291513439855 0.08839818815832362 0.08576191197948656
6.072144288577154 0.12757758756614568 0.07677585419685948 0.0786971952099502 0.07655288757578839
6.132264529058116 0.12325460581793458 0.0681749882375899 0.06895925118081679 0.06737475128410148
6.192384769539078 0.11923919459936817 0.06004328638583983 0.059475498679599115 0.058752547297398906
6.25250501002004 0.11565443163263699 0.05283613729113514 0.050311377784998605 0.05048040272322728
6.312625250501002 0.11222115207258136 0.046343138726266546 0.041677298925069314 0.04291586452795111
6.372745490981964 0.1084533069024225 0.04043525564008486 0.03363503477439566 0.036071648299865026
6.432865731462925 0.10511583211652553 0.0350406152699505 0.02639072646925586 0.030002483501841946
6.492985971943887 0.10238931849473144 0.030362466833588245 0.01991847963434377 0.024415119571320514
6.55310621242485 0.10064637364107852 0.026353417701678216 0.014175745063226686 0.01969627869801872
6.613226452905812 0.09963429948661075 0.023217180766054817 0.009388659052580803 0.01591397654300817
6.673346693386773 0.09931836142379509 0.020555712842860844 0.005392465259593411 0.012881108748766218
6.733466933867735 0.10012399498486778 0.01857222051352006 0.002468172009784436 0.010866682079472282
6.793587174348697 0.10185857265929837 0.017218962818025946 0.00025364307851278304 0.009569806531404261
6.853707414829659 0.1050062516097243 0.016831654354634507 -0.0009947798590524263 0.00903922647548997
6.913827655310621 0.10895607348905012 0.016811663777400416 -0.001622501838956528 0.009260891246184413
6.973947895791583 0.11302529354016846 0.01747505757164146 -0.00198402157779375 0.009702247720822083
7.034068136272545 0.11695446444634892 0.018399551039554603 -0.0014504491008861882 0.010946662071578454
7.0941883767535066 0.12092585371080872 0.01974538021565395 -0.0004311636341456474 0.012948008156512304
7.154308617234468 0.12526701165252288 0.0211761299226919 0.0005322859173968799 0.01484707996591502
7.214428857715431 0.12953778204413546 0.02274378178747009 0.001704823570912616 0.01657044531684083
7.274549098196393 0.1338745012347033 0.02436176795020052 0.0028856362542698816 0.01829969243530694
7.3346693386773545 0.1383460426289069 0.025869484233818425 0.004311217240594348 0.01982257769418286
7.394789579158316 0.14247570746535065 0.027016789139851637 0.0057100815847267675 0.02125053518841772
7.454909819639278 0.14614514859278255 0.027780241229394768 0.006895988168315339 0.022529877523666003
7.51503006012024 0.14975973629009912 0.02818112900063167 0.008322517722551149 0.02351509055309673
7.575150300601202 0.15344266111157015 0.02815328649239783 0.009799163341014917 0.02486686503072646
7.635270541082164 0.15686194308355322 0.02766140247714884 0.011113540227548445 0.02594496096292305
7.695390781563126 0.16035795913035183 0.027048155772015373 0.012163793680332382 0.02653476845582063
7.755511022044088 0.1634178933008223 0.02614598541667608 0.0129338947612916 0.026379377577512218
7.8156312625250495 0.16600855667351708 0.025339960104128277 0.013611112687530295 0.025619100999833465
7.875751503006012 0.16789303565383268 0.024480018736075276 0.013959929090069517 0.02430625045885803
7.935871743486974 0.16922790491234085 0.02306399287782749 0.013860867777347198 0.022330720034985763
7.995991983967936 0.17022224893596805 0.021464942560467017 0.012922273149024707 0.019816661922097904
8.056112224448897 0.17083403638394973 0.01963178932638742 0.011288384700217258 0.017299079960614562
8.11623246492986 0.17107254561801907 0.017769715817689335 0.008945552344764806 0.014181676164852998
8.176352705410821 0.1708080184792944 0.015263124362441056 0.006291266925639062 0.010837113607214633
8.236472945891784 0.17044720748481318 0.012174902537697263 0.0030315900877635714 0.006852096626506076
8.296593186372744 0.16989337957696507 0.008595368912059899 -0.0003378771260713818 0.0028106936163507117
8.356713426853707 0.16924982167704944 0.004951195998280606 -0.00403627176774742 -0.0013897010261966962
8.41683366733467 0.1684749108873564 0.001122231831304078 -0.00837408434199209 -0.005743788378904137
8.47695390781563 0.16744500812318716 -0.0030605049409959378 -0.01304261829086293 -0.010039817066209815
8.537074148296593 0.16612267362989358 -0.007211529317507549 -0.01781005847922001 -0.014822577526438022
8.597194388777554 0.1649072884479035 -0.011640242262364575 -0.022404054862880957 -0.019424452157481602
8.657314629258517 0.16365324393117342 -0.01597087759425185 -0.02706251271452314 -0.024265928008189178
8.71743486973948 0.16230969108252574 -0.01992736978837385 -0.03168441982347766 -0.02892554535389916
8.77755511022044 0.16063955920315048 -0.023915453096548214 -0.03595929800663455 -0.03357191967000726
8.837675350701403 0.15878667996291448 -0.027693614098595703 -0.040057413697376525 -0.03822247407358604
8.897795591182364 0.1568048865289354 -0.031452921226322775 -0.04431383045616574 -0.04248897309784976
8.957915831663327 0.15481258769447992 -0.03501626011164155 -0.048485990894966656 -0.046437454760773086
9.018036072144287 0.15296356530751892 -0.038298875158265355 -0.05220916404189425 -0.05033920704684503
9.07815631262525 0.15166013461102912 -0.04117664252001846 -0.055886904421741886 -0.054177170434519396
9.138276553106213 0.15094844015265024 -0.04349462507360139 -0.05932701585261777 -0.057847867166364066
9.198396793587174 0.15046146823585524 -0.0451681558180021 -0.06260537357039467 -0.0611699324189128
9.258517034068136 0.15029652124831988 -0.04648479676628963 -0.06575908953294418 -0.06420526152626455
9.318637274549097 0.15075604798860606 -0.047604601194914296 -0.06851486260892685 -0.06708745206257233
9.37875751503006 0.15117106458029148 -0.048702313919987576 -0.07106462565113797 -0.06985423470938398
9.438877755511022 0.15211827471098988 -0.049721471907159 -0.07309089108938152 -0.0722975070569872
9.498997995991983 0.15356133146556117 -0.050544064974775704 -0.07482697201952221 -0.07458672049998158
9.559118236472946 0.1549149654811425 -0.05103695203300957 -0.07611684513865295 -0.0765039323902962
9.619238476953907 0.15620583970310487 -0.051102374162046826 -0.0770798425845695 -0.07811951786892919
9.67935871743487 0.15743629258788902 -0.051078699122383664 -0.07769949083475426 -0.0791389496635009
9.739478957915832 0.15883974129789566 -0.051003185547919654 -0.0781171181793679 -0.07973362290606525
9.799599198396793 0.15971939646638714 -0.05064851801616465 -0.07829954168565366 -0.0801739004054925
9.859719438877756 0.16067500497354978 -0.050029860305118246 -0.07810156201931877 -0.08007876199594113
9.919839679358716 0.161979042840926 -0.049441211002944796 -0.07779874713940381 -0.07994739818579696
9.97995991983968 0.16329785452335308 -0.048895635415618276 -0.07749227877661236 -0.07972110199696725
10.040080160320642 0.16412305375963457 -0.04799264455630402 -0.07777921223145472 -0.07920931252797167
10.100200400801603 0.16450154107007584 -0.04691030513783093 -0.0782576794673865 -0.07899563773987554
10.160320641282565 0.16534067741783917 -0.045990665769575216 -0.07859818513598738 -0.07890312381989613
10.220440881763526 0.1664078669305314 -0.045345664611045194 -0.07934493294570882 -0.07928204293416674
10.280561122244489 0.1671207625981733 -0.044471949688221164 -0.08009834750877655 -0.0793832084169359
10.34068136272545 0.1677293642109438 -0.04394861767086224 -0.08111205415034818 -0.07954829098635992
10.400801603206412 0.16789739582449148 -0.04330085212927395 -0.08254631140573747 -0.08004907470861466
10.460921843687375 0.16759718651632222 -0.04288028360805489 -0.08413508856802748 -0.08046585655742608
10.521042084168336 0.16693897537054708 -0.042768850148468776 -0.08584460175124708 -0.08098662074745784
10.581162324649299 0.1663947696165165 -0.0430784789146137 -0.0876259327414976 -0.08186532281077206
10.64128256513026 0.16608356508135344 -0.043569939661807 -0.08962313832730112 -0.08280868419019607
10.701402805611222 0.1653483915399376 -0.04450220542582501 -0.09167059211613908 -0.08379599442758896
10.761523046092185 0.16416258856715427 -0.046011459643599636 -0.09352591696582335 -0.08504363639303113
10.821643286573146 0.16289821504530147 -0.0477462826277347 -0.09536785262243709 -0.08641514701671951
10.881763527054108 0.1614364856070772 -0.04954076355414109 -0.09801287533772161 -0.0876905314118233
10.941883767535069 0.15997033720960432 -0.051548018277922325 -0.10106296515588621 -0.08945365305196783
11.002004008016032 0.1581326261048713 -0.05367518985146567 -0.10391585635536763 -0.09151526381751768
11.062124248496994 0.15628722899798267 -0.05580680801474938 -0.10669745657432034 -0.09345307634774268
11.122244488977955 0.15471060142885418 -0.05772880048698682 -0.10958594039642082 -0.09565418717099922
11.182364729458918 0.15294935521051953 -0.05956700617538272 -0.11251246910956922 -0.09793610638130563
11.242484969939879 0.15115602851710788 -0.061190262305934176 -0.11540187588443528 -0.10021698980697638
11.302605210420841 0.149855982323522 -0.0625136713900498 -0.11818389152459206 -0.10258785568453722
11.362725450901802 0.14847683835291778 -0.06386141939491591 -0.12036202425904746 -0.10468985285126486
11.422845691382765 0.14720769933752686 -0.06507299000901084 -0.1222964850241095 -0.10676252145046647
11.482965931863728 0.1459358343115202 -0.06615470766994831 -0.12423247978362194 -0.10914625897882889
11.543086172344688 0.14455042458796438 -0.06708052310415703 -0.12643357738239752 -0.11129361679664809
11.603206412825651 0.14356035105811757 -0.06774796564769359 -0.12874147190591298 -0.11362177329526621
11.663326653306612 0.14280668600765184 -0.06830708584075268 -0.13098090559320366 -0.11570377693213163
11.723446893787575 0.14198368908724315 -0.0687567871943881 -0.1331031752205214 -0.1176737409965203
11.783567134268537 0.141496712019684 -0.06896256524135419 -0.13503314318116116 -0.11956161876123142
11.843687374749498 0.14101316807958056 -0.06911822892354205 -0.13701858134771677 -0.12129632018842423
11.90380761523046 0.14053257085803084 -0.06892984175129586 -0.1391280824171897 -0.12271803369891168
11.963927855711422 0.13971405112953647 -0.06861565850435271 -0.1411434738787285 -0.12412943705170192
12.024048096192384 0.13889627071662813 -0.06816208374222109 -0.14274359557519944 -0.12543213315190083
12.084168336673347 0.13809497043494354 -0.0677209269609388 -0.14439991555963175 -0.12661010781566254
12.144288577154308 0.1371523485206177 -0.06759750529712007 -0.1453684116103795 -0.12763632377202133
12.20440881763527 0.1363599431106953 -0.06732113781371964 -0.1460262382761885 -0.12891915406941407
12.264529058116231 0.1358590943992401 -0.06678112924384207 -0.14632415285047126 -0.13039979875136146
12.324649298597194 0.13575202873895206 -0.06638465692917044 -0.14659373655529212 -0.13160008312608712
12.384769539078157 0.13564589128827634 -0.06608798876668509 -0.1469842090390529 -0.13286262126244122
12.444889779559118 0.13593456879437057 -0.06588213418504801 -0.14759013008750532 -0.13437772240955045
12.50501002004008 0.13635621013300186 -0.06555609661255972 -0.1479507883005713 -0.1358440498208595
12.565130260521041 0.1368036230847386 -0.06534792852020894 -0.1482524046952392 -0.137144594599968
12.625250501002004 0.1368528008444682 -0.06539581866540457 -0.1481513045358055 -0.13866378001122442
12.685370741482965 0.13671075785557393 -0.06534875804609926 -0.14832141448803443 -0.14037490308852849
12.745490981963927 0.13662729542486035 -0.06529410853319564 -0.148636192566401 -0.14224719409267153
12.80561122244489 0.13682444176699732 -0.06526626311475463 -0.14971817866528206 -0.14399995916974348
12.86573146292585 0.13731790032737226 -0.06565496282101992 -0.15078260167636898 -0.14607948940902768
12.925851703406813 0.1380532729769879 -0.06628596932606985 -0.15193167621348874 -0.14782361526823187
12.985971943887774 0.13848693470404172 -0.0671139048162822 -0.15316360726877798 -0.14945074739085631
13.046092184368737 0.1387125859503586 -0.06782422249509176 -0.154290368577741 -0.15099768664408403
13.1062124248497 0.13866132864618863 -0.06852343028157466 -0.1553100101706343 -0.15216310864649144
13.16633266533066 0.1378974250552306 -0.06933626671194329 -0.15626039834216923 -0.1533281035861883
13.226452905811623 0.1368745962227723 -0.07030305075533343 -0.15711085028304556 -0.15435224928649285
13.286573146292584 0.13608148343402435 -0.07093983139492027 -0.15777135448570617 -0.1550839071150022
13.346693386773547 0.13550257435516425 -0.07139635895633148 -0.1586965706468594 -0.15533641525407849
13.40681362725451 0.13512506170697702 -0.07136784581593078 -0.15941220728614744 -0.1558837992884211
13.46693386773547 0.13484615354300467 -0.07181436474571964 -0.16019870054915356 -0.15645800540599342
13.527054108216433 0.1346436607053402 -0.07240853743317159 -0.16136796633105943 -0.15728897689872914
13.587174348697394 0.13460805733278927 -0.0729183102100205 -0.16271677593104414 -0.1583627832420375
13.647294589178356 0.13463004369510376 -0.07365851348827732 -0.16428250886723803 -0.15951667118965007
13.707414829659317 0.13445181679592982 -0.0744866160861815 -0.16616796038503043 -0.16064529435424474
13.76753507014028 0.13465696615242329 -0.07552277842578885 -0.1679962090293417 -0.16191808683365874
13.827655310621243 0.13455878337662625 -0.07639140698544077 -0.17006316517220663 -0.16343537076638387
13.887775551102203 0.13461450798927999 -0.07707668569516814 -0.17223424789582756 -0.16568109658733465
13.947895791583166 0.13430622234180342 -0.07758563624496234 -0.17457521546382113 -0.16787709168763734
14.008016032064127 0.1342610587629514 -0.07821249043737534 -0.17720447177762924 -0.17007966138915936
14.06813627254509 0.1340643938275281 -0.07867388277895991 -0.17957423236822156 -0.17205247626722975
14.128256513026052 0.13399540996816295 -0.07913978591801123 -0.1818317464913549 -0.17392798227924647
14.188376753507013 0.13364874558725567 -0.07934786567607924 -0.18377656967163786 -0.17568145795167434
14.248496993987976 0.13290271849985982 -0.07958955917697334 -0.18564837635077103 -0.1774166378979325
14.308617234468937 0.13178103629726828 -0.07987695445258104 -0.18722057268981981 -0.17899922548994363
14.3687374749499 0.1309873266920017 -0.08047108412364005 -0.1885874945170849 -0.18041010794484136
14.428857715430862 0.1303104553433833 -0.08104072580632325 -0.18982338597595214 -0.1817364845029823
14.488977955911823 0.12955943982411144 -0.08178909026388302 -0.19092097773533312 -0.1827520594717829
14.549098196392785 0.12890033387319394 -0.08333016421785992 -0.1922076117643045 -0.1835501145206503
14.609218436873746 0.12842511327638625 -0.08500128593535167 -0.19330140846989258 -0.1842552694127474
14.669338677354709 0.12794849446187898 -0.08615826472519526 -0.19454403937671308 -0.1849441977864463
14.729458917835672 0.1274367775802784 -0.08711389239408825 -0.1955209203386614 -0.18530801388626592
14.789579158316633 0.12689247717948227 -0.0879555440336001 -0.19660791750168077 -0.18581620939665047
14.849699398797595 0.126454974282992 -0.08854093756457246 -0.19761099012323033 -0.18634791688011346
14.909819639278556 0.12579900503250027 -0.08914052296923188 -0.19871769981995954 -0.1871404414344336
14.969939879759519 0.12527312432221327 -0.08970501470472934 -0.19987724536447435 -0.18800078118781283
15.03006012024048 0.12486781389085481 -0.09032753495132859 -0.2009330098469745 -0.18877766118690287
15.090180360721442 0.1249240428108108 -0.09123104917579403 -0.20183442864110143 -0.18965789543961237
15.150300601202405 0.12502675052692988 -0.0923782895273493 -0.20298324502980086 -0.1905584387971105
15.210420841683366 0.12485547331539971 -0.09381807585251924 -0.20381025434547395 -0.19147744227812546
15.270541082164328 0.12459138377577825 -0.09512314968697938 -0.2044360567603099 -0.19276800471881347
15.33066132264529 0.12458670793097831 -0.0961868789515868 -0.2054301046082192 -0.19411754164467437
15.390781563126252 0.12426225865430401 -0.09718474530866726 -0.20623369464157976 -0.19569465682173276
15.450901803607215 0.12372497244493606 -0.09829089732903223 -0.20675886663895052 -0.1971576604139841
15.511022044088175 0.1236646498118266 -0.09964947846967702 -0.20761642928441235 -0.1984834961193011
15.571142284569138 0.12380547703118959 -0.10115106828281761 -0.20868043823460544 -0.2000696497957805
15.631262525050099 0.1242657635267298 -0.10260660216328424 -0.20975832780587844 -0.2015927896866454
15.691382765531062 0.12499554493290632 -0.1036050191944022 -0.21129838815938157 -0.2033157850703388
15.751503006012024 0.12554714470111908 -0.10419590969530464 -0.213071923795152 -0.20503325367684377
15.811623246492985 0.1256624740115378 -0.10453223655987244 -0.21469311876998853 -0.20685280401464198
15.871743486973948 0.1256051401748467 -0.10474707221726826 -0.2162222427118194 -0.20873749475433181
15.931863727454909 0.1259844960269828 -0.1047914355373564 -0.21764523222611964 -0.21061891138922534
15.991983967935871 0.12610114626982072 -0.10465281167379255 -0.21895519739008237 -0.21245177312708444
16.052104208416832 0.12582889423108348 -0.10476247119314684 -0.22014966657994245 -0.2139993620980015
16.112224448897795 0.12570176754606868 -0.1046487708820257 -0.22093564286305642 -0.21561551341816107
16.172344689378757 0.12554913776729604 -0.10439873037212821 -0.2218722636517402 -0.21710760545134072
16.23246492985972 0.12545906622608854 -0.103693748445191 -0.22271881032076882 -0.21845808330556774
16.29258517034068 0.12551623042847113 -0.10297896950312725 -0.22344390939438094 -0.21937111402579204
16.352705410821642 0.12526627526857265 -0.10255871838355259 -0.22404073441445427 -0.22043535820422358
16.412825651302605 0.12527783802682124 -0.10195578248486784 -0.22484251478647876 -0.22111319086891945
16.472945891783567 0.12520152055266218 -0.10145838278294547 -0.22566367852781322 -0.2218357039620028
16.53306613226453 0.1253648807566058 -0.10124271027818924 -0.22660719760490766 -0.22275479118531735
16.59318637274549 0.12525009664871098 -0.10103681642098838 -0.22765047989629142 -0.22357349635456153
16.65330661322645 0.125548740010619 -0.10088138786920238 -0.2286281848188254 -0.22451264989430414
16.713426853707414 0.1260873217147415 -0.10086218923881872 -0.22943742463058533 -0.22545402197967268
16.773547094188377 0.12670675609694887 -0.10103147091730548 -0.2303273916761799 -0.22627496431233377
16.83366733466934 0.1274378547311571 -0.10166707509602188 -0.23090367108516302 -0.22747395225586123
16.8937875751503 0.12803370322621446 -0.1023925792811918 -0.23180613752397686 -0.22880138505092865
16.95390781563126 0.12847766476498113 -0.10324883587384993 -0.23297242523451606 -0.23002029606440397
17.014028056112224 0.12875201335961864 -0.10475969105695049 -0.23394802460511618 -0.23130205592799222
17.074148296593187 0.12878577724832618 -0.1060992955202184 -0.2349645100176524 -0.23266419282796555
17.13426853707415 0.12845645670479236 -0.10756387254143238 -0.2359198744655601 -0.23382177938146778
17.19438877755511 0.12788309459430175 -0.10923986390309455 -0.23671865086660424 -0.23467526987518203
17.25450901803607 0.12727415354579674 -0.1109182948022772 -0.23711728718643654 -0.23583263488962142
17.314629258517034 0.12678002258443485 -0.11255266033907844 -0.23770138701214055 -0.23721195069069076
17.374749498997996 0.12681916583636693 -0.11439750032217505 -0.2384793358092748 -0.23835513565936536
17.43486973947896 0.12740674164723778 -0.11605149960039189 -0.23945027319298343 -0.23914206508556318
17.494989979959918 0.12789751908663205 -0.11772531501735116 -0.24027374269419943 -0.23999428392359531
17.55511022044088 0.12830649841850517 -0.11915381506381213 -0.2411813968717614 -0.2405334821704697
17.615230460921843 0.12867289398907636 -0.12064681912030097 -0.24234782981240233 -0.24103962653075892
17.675350701402806 0.12874095392836138 -0.12204999076370328 -0.2432450516484738 -0.24140599546921582
17.73547094188377 0.12881586380270343 -0.12298000797503951 -0.24418687148955828 -0.2417118604952362
17.795591182364728 0.12875925417182452 -0.12400435895446185 -0.24511956995925685 -0.24200096737811413
17.85571142284569 0.12862983182489662 -0.12493385867785568 -0.24607666701049735 -0.2421437419735959
17.915831663326653 0.12845197767785427 -0.12568130130730634 -0.24715587361637587 -0.24231659690057844
17.975951903807616 0.1282500892000935 -0.126023103508146 -0.24854240430141536 -0.24258786869967836
18.036072144288575 0.12777699348014893 -0.12603977297034913 -0.25035942563664376 -0.24291245839614822
18.096192384769537 0.12731948013385563 -0.12602533783322795 -0.2523779778977537 -0.24351198294516765
18.1563126252505 0.12696855832723433 -0.12589366782904493 -0.25407141440334474 -0.24433465092141732
18.216432865731463 0.12673330727734441 -0.12559065975347092 -0.2555934567570178 -0.24525654762211088
18.276553106212425 0.1268304299494624 -0.1254134256500252 -0.2572456365222213 -0.24632475130952816
18.336673346693384 0.12695608528680286 -0.1253725659848821 -0.2587582602787318 -0.24789263127388486
18.396793587174347 0.12691476834497092 -0.12532648395868784 -0.2601121199994074 -0.24916190929300147
18.45691382765531 0.1271964266016694 -0.1252566195115554 -0.26137296264073584 -0.25037285025696737
18.517034068136272 0.12746765869864607 -0.1253403974710111 -0.26284805611290263 -0.2515319274880243
18.577154308617235 0.12739981392249541 -0.12556998321156643 -0.2641633148850122 -0.25298894343310324
18.637274549098194 0.12739466673639346 -0.12583167085995942 -0.2653217228046803 -0.25466712821053206
18.697394789579157 0.12740757781295392 -0.1265043620434991 -0.26636821783711995 -0.2565072482762168
18.75751503006012 0.12690658928092738 -0.12714308642412517 -0.267158505571665 -0.25798359075351684
18.817635270541082 0.12627834530255394 -0.1278848808366112 -0.26777035845639463 -0.259640380611699
18.877755511022045 0.12545310669333462 -0.12822481080239687 -0.2684094910644703 -0.26125301937725265
18.937875751503004 0.12493378239301264 -0.12870342380732677 -0.26908830499039116 -0.26270961822724115
18.997995991983966 0.1239688698932428 -0.12887626871828 -0.26978891951287276 -0.2638656154168683
19.05811623246493 0.12319029626734902 -0.1287025162367537 -0.27028198835022865 -0.26500683449146256
19.118236472945892 0.12263150845115672 -0.12841067811583298 -0.27034077928538136 -0.2662850514716968
19.178356713426854 0.1220545879399435 -0.1283186987474868 -0.2702960012363479 -0.26739239681101223
19.238476953907814 0.12102926364254228 -0.12801971262461648 -0.2701300395777813 -0.26857210381963853
19.298597194388776 0.12015788928846716 -0.12809806490075276 -0.2698623689532435 -0.2694685451807448
19.35871743486974 0.11899098793798461 -0.12846005063950064 -0.2699014350280335 -0.27033432855297246
19.4188376753507 0.11771455943430952 -0.12936666323023255 -0.26997108432317524 -0.27148555683347014
19.478957915831664 0.11689023721959871 -0.13040482887650998 -0.2700055970458304 -0.2727180846672493
19.539078156312623 0.11680405300693754 -0.1315911401270746 -0.27024583896055987 -0.27398566785250894
19.599198396793586 0.11666371153950864 -0.13282115427195507 -0.2705162863828446 -0.2752691438871874
19.65931863727455 0.11642326767981369 -0.13430027058857896 -0.27093787503909256 -0.2765781144383075
19.71943887775551 0.11601489985429742 -0.13570341772836061 -0.27135118452442725 -0.27786327730893456
19.779559118236474 0.1158956514874095 -0.13712162371663372 -0.2719872719734712 -0.2795031829095965
19.839679358717433 0.11574533861739503 -0.13869740985442683 -0.2723690462341815 -0.28105975153508994
19.899799599198396 0.1159678485951342 -0.1401282745895118 -0.2730034691825498 -0.2823190338657023
19.95991983967936 0.1169097790341837 -0.14120123519667874 -0.27369566642967863 -0.2833650534067837
20.02004008016032 0.11814365960519653 -0.14218087853391745 -0.2741868894348098 -0.2842358484901195
20.080160320641284 0.11924908251181482 -0.1427931508993453 -0.27466652626431004 -0.28493652533561115
20.140280561122243 0.11999175934922945 -0.14327943989940053 -0.27517802055964175 -0.2854491395074837
20.200400801603205 0.12066985871678601 -0.14383161896845237 -0.2755597534267853 -0.28596196675824836
20.260521042084168 0.12082173263742468 -0.14404965667086153 -0.27637953264951387 -0.28643897022938825
20.32064128256513 0.12095224348176273 -0.1444248575326256 -0.27715623360743447 -0.2868159963564417
20.38076152304609 0.12102173815151136 -0.14510097935787383 -0.2775405972757663 -0.2868160933904905
20.440881763527052 0.12105773660490736 -0.14573087814119556 -0.27765691465142417 -0.2870615516149748
20.501002004008015 0.12101579479546658 -0.14599891722453667 -0.27783939122835033 -0.2874412951297165
20.561122244488978 0.12099835268931952 -0.14622922178168365 -0.2781161459283063 -0.2880214171111059
20.62124248496994 0.12041551975509267 -0.14643284651431446 -0.2785368815745941 -0.28829988931362416
20.6813627254509 0.11956774361834693 -0.1466293964827748 -0.27940100558984576 -0.28861841285920964
20.741482965931862 0.11856499425229831 -0.14703287088617703 -0.2802907723997814 -0.2888046762710774
20.801603206412825 0.11783231512734464 -0.14687711273198284 -0.281148795507377 -0.2892016984735247
20.861723446893787 0.11715620705413872 -0.14655224106568507 -0.28193318442406046 -0.2893881183346736
20.92184368737475 0.11668801870313598 -0.14630481532417008 -0.28271791630170984 -0.28946223954936945
20.98196392785571 0.11651563061301891 -0.14666470769361117 -0.28316958692462696 -0.2896677831596971
21.04208416833667 0.11665622255600251 -0.14745193407083415 -0.2837194097466257 -0.2898846011886845
21.102204408817634 0.11715133475951629 -0.14806958960545516 -0.28417214160542414 -0.29013976502748445
21.162324649298597 0.11726803554284045 -0.14876273283084743 -0.2846616643115123 -0.2902591838335876
21.22244488977956 0.11738120633587851 -0.14945815521906053 -0.2851995663581954 -0.29067275059289954
21.28256513026052 0.11792640374338655 -0.15017005414882398 -0.28593440550297966 -0.29104241591840585
21.34268537074148 0.11846374952159362 -0.15100040842423434 -0.28656213691627797 -0.2912412547118695
21.402805611222444 0.11895304842670534 -0.15198252895822773 -0.2872060783702946 -0.2916001959346619
21.462925851703407 0.11943855989862925 -0.15292519256633613 -0.28796034368024337 -0.29231646433746444
21.52304609218437 0.11976778808961917 -0.1537221154301475 -0.28876027388297554 -0.29309011488042763
21.58316633266533 0.1198023440367984 -0.1544735374081934 -0.28941354731522695 -0.2941913140068249
21.64328657314629 0.11962995185072792 -0.15560315609795364 -0.29033625955595166 -0.2957294551501685
21.703406813627254 0.1189835581092181 -0.15658299291409417 -0.2912790330857336 -0.29717147865971055
21.763527054108216 0.1183025302519976 -0.15719416942883363 -0.2920693660621483 -0.29835959427232794
21.82364729458918 0.11764639277646163 -0.15752283927602936 -0.2928617134513099 -0.29926884656935343
21.883767535070138 0.11704805687537159 -0.15813625532624798 -0.2935927032388339 -0.3006117574695071
21.9438877755511 0.11661453185393725 -0.15886151305538848 -0.29403641152442944 -0.30183336989276416
22.004008016032063 0.11613418056290445 -0.1597375696027428 -0.2944682821864337 -0.30336679005434314
22.064128256513026 0.11591359284238995 -0.16042543200989645 -0.29498366281244287 -0.30485041054808115
22.12424849699399 0.11539680955969213 -0.1615412718868068 -0.2954071831832715 -0.3060135170851314
22.184368737474948 0.11478464873866832 -0.16265285466777227 -0.29605883591762766 -0.30737312860355387
22.24448897795591 0.11415669143374 -0.1637847705069883 -0.2965684804015042 -0.3088607547834797
22.304609218436873 0.11366854667941677 -0.16503621877760571 -0.2968226710293578 -0.31008369291665533
22.364729458917836 0.113141319314555 -0.166367268145789 -0.29677281294686936 -0.31114567324447506
22.4248496993988 0.11310448735655339 -0.16774036150979513 -0.29674084160013176 -0.31249784999944125
22.484969939879758 0.11308532600395217 -0.16902847138378133 -0.29700816726033374 -0.31337158236633395
22.54509018036072 0.11324481918268507 -0.1702428648049231 -0.2974851932226531 -0.31429452278835734
22.605210420841683 0.11322198145581142 -0.17151565644739258 -0.29812023723760755 -0.31489866434231417
22.665330661322646 0.11272268910091125 -0.17246965863910663 -0.298583929371771 -0.31548139270577824
22.725450901803605 0.11211059296175145 -0.17329827408405468 -0.2991573421392396 -0.31577023844896546
22.785571142284567 0.11134800299223448 -0.1744906567489704 -0.29961920085272004 -0.3161990508657047
22.84569138276553 0.1106461855141693 -0.17542518319856207 -0.29993975967302877 -0.31631120072658975
22.905811623246493 0.10985619539491863 -0.1758108859519869 -0.3004484244598057 -0.3163110880429457
22.965931863727455 0.10955638329217747 -0.17616806646630853 -0.30097042165588006 -0.31661568851977895
23.026052104208414 0.10944747913130366 -0.17634014898533978 -0.3016516362171987 -0.3167012802495881
23.086172344689377 0.10940291813972829 -0.17624650117700152 -0.30259964030468783 -0.3167986731728279
23.14629258517034 0.10925320286072426 -0.17628583867121161 -0.30346098206515637 -0.3172696190522809
23.206412825651302 0.10895214391786298 -0.17622193754189786 -0.3043296344157407 -0.3174410595746111
23.266533066132265 0.10925703249558151 -0.17598905886998764 -0.30513169915965516 -0.31760872998275164
23.326653306613224 0.10952052054914016 -0.17578830521585062 -0.3060550399599153 -0.3178110274061607
23.386773547094187 0.10960980982348453 -0.17587437208791848 -0.30727404326884544 -0.3176774890974443
23.44689378757515 0.10970345282756701 -0.17592232644859368 -0.30858723082594636 -0.31756271490192306
23.507014028056112 0.1094158369352693 -0.17606862210795082 -0.30976082621490425 -0.3176333115655323
23.567134268537075 0.10908387896476683 -0.17640605031719797 -0.3110747942419007 -0.31765129372553114
23.627254509018034 0.10861321399434334 -0.17691100785268032 -0.3126360811764363 -0.3180301984395095
23.687374749498996 0.10818692730801506 -0.17741355814318913 -0.31417658511844626 -0.31853678616721304
23.74749498997996 0.10796070507662468 -0.1779517185059943 -0.3154976707467028 -0.3189967571414038
23.80761523046092 0.10811883525269175 -0.17840505398947906 -0.31698693515040144 -0.31931789604679583
23.867735470941884 0.1080065719530528 -0.17877014357051954 -0.3186657809952351 -0.3195308483810439
23.927855711422843 0.10774888683491449 -0.17898927600167286 -0.3203185191220501 -0.3201275612330377
23.987975951903806 0.10739905806096585 -0.17926174749309226 -0.3217566600413619 -0.3208065954958728
24.04809619238477 0.10757544709215736 -0.17939455643572325 -0.32280579391292885 -0.3214351600495902
24.10821643286573 0.10733408984819223 -0.17939778738073295 -0.3232459744011941 -0.32191810446801167
24.168336673346694 0.10709220826347644 -0.17971475941979734 -0.32336165767563807 -0.3227719331809857
24.228456913827653 0.10706470819607428 -0.18018490145088195 -0.3231297498519038 -0.32353433715544605
24.288577154308616 0.10720198466615455 -0.18057768572721697 -0.32276658861393215 -0.3244978687488739
24.34869739478958 0.10764007127354996 -0.18118756532987004 -0.3224042451232805 -0.3254005752550243
24.40881763527054 0.10843868529530111 -0.18143292790116822 -0.32211766359131655 -0.3266026930119725
24.468937875751504 0.1090739988749308 -0.18181204693007902 -0.32176801685046985 -0.32770970458471765
24.529058116232463 0.10944030251791785 -0.18231226089489733 -0.32190391583041233 -0.32843915989478667
24.589178356713425 0.11011218512619539 -0.18270409737860008 -0.3216733708089081 -0.3289874159416221
24.649298597194388 0.1105534832911831 -0.1829579500782348 -0.3212638914429924 -0.32991512107619003
24.70941883767535 0.11121239440245467 -0.18317950721755347 -0.3209579323737545 -0.33050095446119204
24.769539078156313 0.11208506205624216 -0.18374517867709939 -0.3205606159111534 -0.33125292973450243
24.829659318637272 0.11274369026016028 -0.18409245085036877 -0.32034009670386715 -0.3320949994301048
24.889779559118235 0.11284537025840741 -0.18442806500514816 -0.32037260865493344 -0.3330152245784624
24.949899799599198 0.11307040978228172 -0.18461224703474755 -0.32066400191719113 -0.33375075745807864
25.01002004008016 0.11297401814293564 -0.18476161669548238 -0.32080042780221163 -0.3345772467717017
25.07014028056112 0.11279562563770296 -0.18527860228398954 -0.32108820077141775 -0.33547659990919904
25.130260521042082 0.11278998190839434 -0.18572432669504188 -0.3217624570220779 -0.3361853521357658
25.190380761523045 0.11263469447053454 -0.18581204995553263 -0.3225111444132686 -0.33687953294733286
25.250501002004007 0.11218601984620036 -0.18618171930961575 -0.3230480474243482 -0.3370672865685224
25.31062124248497 0.11180006510098224 -0.18659733446426868 -0.32383190868146605 -0.3373732680567397
25.37074148296593 0.11159934405677664 -0.18703313016879114 -0.3247033372520645 -0.33771054101968107
25.430861723446892 0.11095860694396792 -0.18743390946559776 -0.32550935480287485 -0.3377408850293439
25.490981963927855 0.11022117346258313 -0.18805392313317565 -0.3264992034331026 -0.33786735797991224
25.551102204408817 0.109427004565714 -0.18864200486750482 -0.3274360250628119 -0.3382531102972205
25.61122244488978 0.10886476925745339 -0.18909086097306807 -0.328279708278287 -0.3385992874664713
25.67134268537074 0.10826538643314051 -0.18934981312449972 -0.32902659361333525 -0.3388192536620097
25.7314629258517 0.10745875161811352 -0.18948476715474963 -0.3294180371081798 -0.3392362407767339
25.791583166332664 0.10670253857854045 -0.18974067930685534 -0.32956490009184763 -0.3398327063225888
25.851703406813627 0.10637483585307173 -0.19011399842462984 -0.32974542603891016 -0.3401280921115466
25.91182364729459 0.10652849044987253 -0.19012413144587104 -0.3301380044934583 -0.3405155296367865
25.97194388777555 0.10689932678587911 -0.19051395231112364 -0.33080130875224284 -0.3410130346706631
26.03206412825651 0.10716898114067636 -0.1911496845567317 -0.33138924917409895 -0.3414102977073375
26.092184368737474 0.10728137767449271 -0.19178752546760128 -0.3316600332177743 -0.34186124087048886
26.152304609218437 0.10775815295537937 -0.19231031577468433 -0.3319563204680021 -0.3422661058573901
26.2124248496994 0.10791495101904221 -0.19264898843706946 -0.3325049514348389 -0.3426055150377465
26.27254509018036 0.10812333179681807 -0.1929738513688052 -0.3330913221032968 -0.3430214195026266
26.33266533066132 0.10808078195217288 -0.19369611831760802 -0.33383214793494015 -0.34354249772915463
26.392785571142284 0.1080037615039505 -0.19441159017429044 -0.33472309413147944 -0.34414333975737516
26.452905811623246 0.10813599144004434 -0.19514307605516643 -0.33577038700999917 -0.3448604666308626
26.51302605210421 0.10815405934467077 -0.19600337187783742 -0.33647714534612033 -0.34572786184785526
26.573146292585168 0.10794517900322184 -0.19666364471672645 -0.33725309435780615 -0.34666390007341463
26.63326653306613 0.10771769371247167 -0.19708711165849244 -0.3380105978990255 -0.3474228970282391
26.693386773547093 0.10782966158536283 -0.19730596784784243 -0.3378444006095372 -0.3486074952305304
26.753507014028056 0.10772776585336519 -0.19740597130401544 -0.33781956540574587 -0.3499471375601903
26.81362725450902 0.10746721983608082 -0.1977300393457033 -0.3376505567490075 -0.3512607897712081
26.873747494989978 0.10775339960984145 -0.19841422087955926 -0.33754983276810624 -0.3523034141940525
26.93386773547094 0.1077571276291263 -0.19927784424546108 -0.33731347426240044 -0.3533403867076187
26.993987975951903 0.10749248479985324 -0.20026068210040335 -0.33716746053962504 -0.35434986007914504
27.054108216432866 0.10717870183622681 -0.20152668037225402 -0.3368170713597855 -0.3550746881633803
27.11422845691383 0.10669350491265722 -0.20272215624537365 -0.3365728686839896 -0.3557012142568594
27.174348697394787 0.10627601912195553 -0.20368231649333135 -0.33643188897169146 -0.35619149739637324
27.23446893787575 0.10551153380065166 -0.20437858097941777 -0.33637534193301755 -0.3568568503949604
27.294589178356713 0.10465135625982719 -0.20578250962030506 -0.33652088733845165 -0.3576340009983243
27.354709418837675 0.10402205335645504 -0.2070458194993356 -0.33703572159830847 -0.35848588803075404
27.414829659318634 0.10353865399346592 -0.2078428196157107 -0.337516181525693 -0.35935034513578756
27.474949899799597 0.10304424106400097 -0.20881931028292966 -0.33825077661676706 -0.36033925049687715
27.53507014028056 0.10270434341796392 -0.2096123554829442 -0.33922692998745985 -0.36124396115385077
27.595190380761522 0.10235856396267995 -0.21018549962781502 -0.3401787991229378 -0.3620422377675908
27.655310621242485 0.10198726062028558 -0.21074483264936753 -0.3409946800991039 -0.36286984875359385
27.715430861723444 0.10176660547978725 -0.21111855782987976 -0.3417254942023605 -0.3636222120883761
27.775551102204407 0.10194886539298223 -0.21146864069121493 -0.34252021778497904 -0.36447703406076454
27.83567134268537 0.10240579438299596 -0.21198244396802637 -0.34334379040187 -0.36520114925126734
27.895791583166332 0.10272642372320943 -0.21246437383324565 -0.3442488325190431 -0.3655176036176891
27.955911823647295 0.10326352567603046 -0.21274390708693422 -0.34526219606210407 -0.36589609344817176
28.016032064128254 0.10379107325299904 -0.21297646750283128 -0.3461084888744265 -0.3660568810635353
28.076152304609217 0.10420665857511022 -0.21313508119817712 -0.34685235591902464 -0.3661340372206039
28.13627254509018 0.10461425900638353 -0.21309078955340766 -0.3473726222784308 -0.36596195518477964
28.196392785571142 0.10458972062064975 -0.21312196559808813 -0.3478180666856339 -0.36555910829635113
28.256513026052104 0.10419482069707339 -0.2132956145615254 -0.34796737768285874 -0.36517334191557543
28.316633266533064 0.10360026041547335 -0.21357913906271148 -0.3480458801331219 -0.3645824282214657
28.376753507014026 0.10300170506567488 -0.21412112899244048 -0.3480816771284853 -0.3638614532571189
28.43687374749499 0.1026858216063088 -0.21441076279335752 -0.3480625266234144 -0.363219102595798
28.49699398797595 0.10257761281566616 -0.21451120156738235 -0.3478663121759466 -0.36279336228369985
28.557114228456914 0.10271364708155775 -0.21461277901704107 -0.3479447679412047 -0.36252611525944767
28.617234468937873 0.10282173458270222 -0.21476646682446213 -0.3479975830301774 -0.3620211317724422
28.677354709418836 0.1029816450829248 -0.21443244811853096 -0.3483446551667358 -0.36150383100616934
28.7374749498998 0.10311601290163253 -0.21414672920318595 -0.3485959279885004 -0.3610570636106778
28.79759519038076 0.10315208511704181 -0.21406361225625165 -0.34880204893517275 -0.36079395956880006
28.857715430861724 0.10295817047240394 -0.21426220132525942 -0.3490839777267958 -0.36028101656448214
28.917835671342683 0.10275305796623174 -0.21402169685568442 -0.34933139970797594 -0.3598672058366054
28.977955911823646 0.10262208074717744 -0.21360903171575105 -0.3494691069747649 -0.3594585344908206
29.03807615230461 0.10235737407190894 -0.21367990955195681 -0.34950267191246676 -0.35903673093215854
29.09819639278557 0.10226474637052223 -0.21366907444562616 -0.3497101155518555 -0.35915344745659206
29.158316633266534 0.10187582373375535 -0.21409327900534914 -0.3502535803436698 -0.35944214293935495
29.218436873747493 0.10155597765065899 -0.21445724032837335 -0.35068048255147444 -0.3596549237828283
29.278557114228455 0.10166763731508688 -0.21487774299067477 -0.35120893199086145 -0.35973350488443445
29.338677354709418 0.10147342523387941 -0.21514829730979676 -0.35142130878265887 -0.3597078261658429
29.39879759519038 0.10103004481251171 -0.2154777483914412 -0.35169257895055306 -0.3598268122463602
29.458917835671343 0.10072832261063581 -0.21589813600505212 -0.3520620381518682 -0.3601858789396232
29.519038076152302 0.10061615422616463 -0.21660914126881348 -0.35238189147569643 -0.3606247091538402
29.579158316633265 0.10072163685425878 -0.21755822235101246 -0.35284414888932764 -0.36146758872094864
29.639278557114228 0.10065151219385109 -0.21814696680443907 -0.3534344313713275 -0.3625051970492843
29.69939879759519 0.10035257089488768 -0.2190470318842278 -0.3544850316153674 -0.36365450948888056
29.75951903807615 0.10031446541009846 -0.21974020129000332 -0.3552805031287823 -0.3648790959909796
29.819639278557112 0.10001415977231268 -0.22058176480482736 -0.3559778774022901 -0.3660776225463391
29.879759519038075 0.09987463833794813 -0.22147938802554354 -0.3564572091770281 -0.36742915517188846
29.939879759519037 0.09956430338320754 -0.2227111805095276 -0.35713912403739023 -0.36886232016433423
30.0 0.09912352937381551 -0.22367675929450548 -0.3579354918053089 -0.3703537257082734
