t sigma_z_default sigma_z_rescaled
0.0 1.0 1.0
0.03003003003003003 0.9981996341494561 0.9981996341494559
0.06006006006006006 0.9928370205660118 0.9928370205660118
0.09009009009009009 0.9840249774026805 0.9840249774026806
0.12012012012012012 0.9719433879654195 0.9719433879654195
0.15015015015015015 0.9568283278820796 0.9568283278820796
0.18018018018018017 0.938958765145195 0.938958765145195
0.21021021021021022 0.918642141706537 0.9186421417065368
0.24024024024024024 0.8962000897548487 0.8962000897548486
0.2702702702702703 0.8719553254370334 0.8719553254370332
0.3003003003003003 0.8462204610042251 0.8462204610042248
0.3303303303303303 0.8192891496687629 0.8192891496687628
0.36036036036036034 0.7914296800818152 0.7914296800818151
0.39039039039039036 0.7628809033951974 0.7628809033951972
0.42042042042042044 0.7338502187496632 0.7338502187496628
0.45045045045045046 0.7045132597338684 0.7045132597338678
0.4804804804804805 0.6750149017932878 0.675014901793287
0.5105105105105106 0.6454712315452945 0.6454712315452943
0.5405405405405406 0.6159721665971212 0.6159721665971208
0.5705705705705706 0.5865844747411416 0.5865844747411414
0.6006006006006006 0.5573550040951505 0.5573550040951502
0.6306306306306306 0.5283139943326444 0.5283139943326444
0.6606606606606606 0.4994783900925315 0.4994783900925316
0.6906906906906907 0.47085511960474385 0.47085511960474363
0.7207207207207207 0.4424443344846212 0.44244433448462117
0.7507507507507507 0.41424263115421145 0.41424263115421106
0.7807807807807807 0.38624629120349513 0.3862462912034949
0.8108108108108109 0.358454587746309 0.3584545877463084
0.8408408408408409 0.33087320751872307 0.3308732075187225
0.8708708708708709 0.3035178335414329 0.3035178335414321
0.9009009009009009 0.276417919332994 0.2764179193329932
0.9309309309309309 0.24962066091992918 0.2496206609199291
0.960960960960961 0.22319513469045887 0.22319513469045774
0.990990990990991 0.19723651475586548 0.19723651475586446
1.021021021021021 0.17187021074632572 0.1718702107463236
1.0510510510510511 0.14725567545470672 0.14725567545470467
1.0810810810810811 0.12358952452094732 0.12358952452094636
1.1111111111111112 0.10110749619019503 0.10110749619019506
1.1411411411411412 0.08008467485192163 0.08008467485192153
1.1711711711711712 0.0608333338892672 0.060833333889266004
1.2012012012012012 0.043697756566471915 0.04369775656646864
1.2312312312312312 0.02904550782537621 0.029045507825372404
1.2612612612612613 0.017254888875486624 0.017254888875481277
1.2912912912912913 0.008698723357057308 0.008698723357051364
1.3213213213213213 0.003725173373492607 0.0037251733734885314
1.3513513513513513 0.0026368899298075104 0.002636889929827404
1.3813813813813813 0.005670340862480463 0.005670340862517548
1.4114114114114114 0.01297748128358801 0.0129774812835454
1.4414414414414414 0.024611908295961597 0.024611908296072783
1.4714714714714714 0.040521216917374335 0.04052121691770667
1.5015015015015014 0.06054649930683736 0.06054649930792865
1.5315315315315314 0.08442896185391596 0.08442896185170609
1.5615615615615615 0.11182269217424591 0.11182269217042728
1.5915915915915915 0.14231189742066916 0.1423118974256517
1.6216216216216217 0.17543058596671915 0.17543058596007058
1.6516516516516517 0.2106826966504801 0.21068269665852543
1.6816816816816818 0.24756101646335882 0.24756101646838624
1.7117117117117118 0.285563732665885 0.2855637326502265
1.7417417417417418 0.3242080038145203 0.3242080038104062
1.7717717717717718 0.3630403967698508 0.36304039690634865
1.8018018018018018 0.4016443700302554 0.4016443699033756
1.8318318318318318 0.43964517107157647 0.4396451714351615
1.8618618618618619 0.47671260034360624 0.47671260121610637
1.8918918918918919 0.5125620646309529 0.5125620643889948
1.921921921921922 0.5469542993858187 0.5469542968853972
1.951951951951952 0.5796940717822331 0.5796940674957265
1.981981981981982 0.6106281020400376 0.6106280956038145
2.012012012012012 0.6396423771420906 0.6396423713538968
2.042042042042042 0.6666590436782898 0.6666590295713943
2.0720720720720722 0.6916329225053465 0.6916329073839026
2.1021021021021022 0.714547915400826 0.7145479033176714
2.1321321321321323 0.7354132726247911 0.7354132476227132
2.1621621621621623 0.7542598255273312 0.7542597857048071
2.1921921921921923 0.7711364005074588 0.7711363663990527
2.2222222222222223 0.7861064979211689 0.7861064135700075
2.2522522522522523 0.7992448436665696 0.799244743568279
2.2822822822822824 0.8106346817520574 0.8106346735692894
2.3123123123123124 0.820365592544257 0.8203654482064392
2.3423423423423424 0.8285300133168613 0.8285299955391088
2.3723723723723724 0.8352231094868832 0.8352230092960093
2.4024024024024024 0.8405391638183461 0.8405393431176695
2.4324324324324325 0.8445724696040695 0.8445726943890096
2.4624624624624625 0.8474143014306449 0.8474145500682148
2.4924924924924925 0.8491535728871517 0.8491533643135466
2.5225225225225225 0.849874163855128 0.849873937190899
2.5525525525525525 0.8496580804759672 0.8496569647806249
2.5825825825825826 0.8485812985375175 0.8485787330900627
2.6126126126126126 0.8467130475617514 0.8467109308850689
2.6426426426426426 0.8441239094658712 0.8441205595347685
2.6726726726726726 0.8408728553467764 0.840869920964336
2.7027027027027026 0.8370187669795054 0.8370166676593369
2.7327327327327327 0.8326190793011333 0.8326139012594516
2.7627627627627627 0.8277106132679721 0.8277103085700107
2.7927927927927927 0.8223461577619835 0.8223503257956891
2.8228228228228227 0.81657171962622 0.8165743234760376
2.8528528528528527 0.8104200445091907 0.8104188060059488
2.8828828828828827 0.8039333858954398 0.8039166207911614
2.9129129129129128 0.7971123437487266 0.7970971730563554
2.942942942942943 0.7900049836553419 0.789986643126245
2.972972972972973 0.7826366674589975 0.7826082036693199
3.003003003003003 0.775000241197132 0.7749822349560396
3.033033033033033 0.7671354732790783 0.7671265366601082
3.063063063063063 0.7590899111902923 0.7590565351404538
3.093093093093093 0.7508232741671856 0.7507854854965225
3.123123123123123 0.74234203781283 0.742324668001218
3.153153153153153 0.7336645941616563 0.7336835787926195
3.183183183183183 0.7247825813516147 0.724870114953888
3.2132132132132134 0.7155073915092528 0.7158907543355931
3.2432432432432434 0.7062991339895381 0.7067507306798825
3.2732732732732734 0.6972450439685246 0.6974542047945247
3.3033033033033035 0.6869641116566922 0.6880044326990973
3.3333333333333335 0.6777043789978761 0.6784039318270683
3.3633633633633635 0.6667673893221585 0.6686546465170063
3.3933933933933935 0.659838859325244 0.6587581141636998
3.4234234234234235 0.649992087595458 0.648715633524604
3.4534534534534536 0.6407211810341532 0.6385284367866229
3.4834834834834836 0.6295964344282099 0.6281978670891883
3.5135135135135136 0.6279353788286229 0.6177255632665986
3.5435435435435436 0.6143968882861319 0.6071136536080932
3.5735735735735736 0.5934532987474473 0.5963649604281737
3.6036036036036037 0.5899059086513164 0.5854832171791653
3.6336336336336337 0.5865074191341756 0.5744732997065731
3.6636636636636637 0.5775105492431789 0.5633414730250415
3.6936936936936937 0.5641309738138137 0.5520956546545189
3.7237237237237237 0.54193509683105 0.5407456950739851
3.7537537537537538 0.5045533503298718 0.5293036751917075
3.7837837837837838 0.4285296302890862 0.5177842198613448
3.813813813813814 0.30569554790734943 0.5062048253559261
3.843843843843844 0.33617579158435407 0.4945861973120393
3.873873873873874 0.3806546915356073 0.48295259394516493
3.903903903903904 0.4375257316366499 0.471332167296182
3.933933933933934 0.5033335548108684 0.45975729289971706
3.963963963963964 0.5737800960945483 0.4482648755971669
3.993993993993994 0.6440362498438602 0.4368966163206733
4.024024024024024 0.7094531740543292 0.4256992216714197
4.054054054054054 0.7673041269929242 0.41472453519324076
4.084084084084084 0.815596404161081 0.4040295666615322
4.114114114114114 0.8544512324342673 0.39367639380683733
4.1441441441441444 0.8843787929837712 0.38373191008334234
4.1741741741741745 0.9070266281932661 0.3742673928385374
4.2042042042042045 0.9233932309494539 0.3653578690194068
4.2342342342342345 0.9351727735467793 0.3570812607963521
4.2642642642642645 0.943303648789756 0.3495173015084244
4.2942942942942945 0.9491160391687381 0.34274622322546394
4.324324324324325 0.9533750574859977 0.33684723076402856
4.354354354354355 0.9557278804139069 0.33189679257208854
4.384384384384385 0.9573096693550954 0.3279667954677077
4.414414414414415 0.9586803209226709 0.3251226263283009
4.444444444444445 0.9591619721472573 0.3234212577302442
4.474474474474475 0.9595335941517401 0.3229094243812317
4.504504504504505 0.9599413646060736 0.3236219812812172
4.534534534534535 0.9601043738111344 0.32558053166439266
4.564564564564565 0.9599217934472503 0.32879240241875435
4.594594594594595 0.9598245455513558 0.33325002726683645
4.624624624624625 0.9598475227186782 0.3389307748804345
4.654654654654655 0.9596436918618809 0.34579723245882993
4.684684684684685 0.9596055925879445 0.3537979277992846
4.714714714714715 0.9597495666095359 0.3628684473170276
4.744744744744745 0.9596848657606069 0.3729328863077204
4.774774774774775 0.9594319148083672 0.3839055528037865
4.804804804804805 0.9591912339776317 0.39569283859044146
4.834834834834835 0.9589472490250373 0.40819517031788827
4.864864864864865 0.959082319401553 0.42130895934963974
4.894894894894895 0.9590720807946321 0.43492847960450753
4.924924924924925 0.9593975371664742 0.4489476164526026
4.954954954954955 0.9598996715987003 0.46326144495591026
4.984984984984985 0.9594644036027395 0.4777676108426469
5.015015015015015 0.9595893279750642 0.4923675013598149
5.045045045045045 0.9597608663539556 0.5069672047590126
5.075075075075075 0.9595738600900465 0.52147826623721
5.105105105105105 0.9595442899763438 0.535818254619101
5.135135135135135 0.9593543285446625 0.5499111581280286
5.165165165165165 0.959363767584469 0.5636876296068573
5.195195195195195 0.9593703122137095 0.5770851019543646
5.225225225225225 0.9589557485355724 0.5900477937823245
5.255255255255255 0.958731928173935 0.6025266237820857
5.285285285285285 0.958522369242849 0.6144790503610853
5.315315315315315 0.9581978540276307 0.625868851036846
5.345345345345345 0.9580455703618281 0.6366658540497364
5.375375375375375 0.9578649457198404 0.6468456327985587
5.405405405405405 0.9576948656923813 0.6563891720802807
5.435435435435435 0.9573106828248957 0.6652825137487666
5.465465465465465 0.9573207906214674 0.6735163882881249
5.495495495495495 0.9571400014084923 0.6810858378958511
5.525525525525525 0.9573648575322303 0.6879898359506393
5.555555555555555 0.9571572760385029 0.6942309071582189
5.585585585585585 0.9571336278370772 0.6998147521863136
5.615615615615615 0.9571155825769563 0.7047498801828038
5.645645645645645 0.9566846564892035 0.7090472521922694
5.675675675675675 0.9562645486710647 0.7127199381256974
5.7057057057057055 0.9562521607601909 0.7157827895837897
5.7357357357357355 0.9558771810779737 0.7182521304797309
5.7657657657657655 0.9554637338781835 0.7201454670513916
5.7957957957957955 0.9556383941268788 0.721481218498116
5.8258258258258255 0.9554398459266018 0.7222784691285686
5.8558558558558556 0.9551899848431996 0.7225567425697356
5.885885885885886 0.9551125671002643 0.7223357982696297
5.915915915915916 0.9550789950344559 0.7216354502336444
5.945945945945946 0.955023003806809 0.7204754076720257
5.975975975975976 0.954761912872291 0.7188751370073937
6.006006006006006 0.9548722862822772 0.7168537444992081
6.036036036036036 0.9549870302162916 0.7144298785875001
6.066066066066066 0.9547053249879719 0.7116216509410002
6.096096096096096 0.9545227761159081 0.7084465751133798
6.126126126126126 0.9545784235151413 0.7049215216635885
6.156156156156156 0.9543196392468796 0.7010626885790721
6.186186186186186 0.9544258294684335 0.696885585850461
6.216216216216216 0.954128615351211 0.6924050330794419
6.246246246246246 0.9541167201322291 0.6876351690538202
6.276276276276276 0.954146534414869 0.6825894722915319
6.306306306306306 0.9541559518677382 0.677280791634507
6.336336336336336 0.9539892066346934 0.6717213860602801
6.366366366366366 0.9537507480264455 0.6659229729705616
6.396396396396396 0.9536580387785172 0.6598967843082791
6.426426426426427 0.9534291873936208 0.653653629944865
6.456456456456457 0.9533172815294039 0.6472039678647425
6.486486486486487 0.9534172389666974 0.6405579807512419
6.516516516516517 0.9528550861317225 0.6337256586447167
6.546546546546547 0.9528759978290916 0.6267168873965395
6.576576576576577 0.9526876363117435 0.6195415426790758
6.606606606606607 0.952432125218604 0.6122095893284597
6.636636636636637 0.9522822795756554 0.604731185790885
6.666666666666667 0.9520559721523115 0.5971167934106316
6.696696696696697 0.9518847690674662 0.5893772902355682
6.726726726726727 0.9516362026175554 0.5815240889195562
6.756756756756757 0.9514801109641242 0.5735692581672296
6.786786786786787 0.951680191543475 0.5655256469913628
6.816816816816817 0.9514875357428764 0.557407010833026
6.846846846846847 0.9512198245961593 0.5492281383274698
6.876876876876877 0.95126998707213 0.5410049771826113
6.906906906906907 0.9513132834575303 0.5327547572725159
6.936936936936937 0.951262226413817 0.5244961086379402
6.966966966966967 0.9513697471205419 0.5162491716358509
6.996996996996997 0.951174844289753 0.5080356959997584
7.027027027027027 0.9509746807984226 0.49987912507778226
7.057057057057057 0.9506977802871187 0.4918046610264136
7.087087087087087 0.9506337521013801 0.4838393062824
7.117117117117117 0.9504369640915733 0.47601187624751284
7.147147147147147 0.9504471814025515 0.46835297784255475
7.177177177177177 0.950196338148005 0.4608949484651447
7.207207207207207 0.9500779013448459 0.45367174997271
7.237237237237237 0.9497091148429796 0.4467188126610233
7.267267267267267 0.9496413415144567 0.4400728248708791
7.297297297297297 0.9498397040851384 0.4337714648743682
7.327327327327327 0.9498132521559537 0.4278530730971443
7.357357357357357 0.9495214941068508 0.422356264532394
7.387387387387387 0.9493448382038059 0.41731948337599384
7.4174174174174174 0.9492330736684897 0.4127805044067146
7.4474474474474475 0.9488586697010649 0.4087758883578981
7.4774774774774775 0.9487733772565792 0.4053404013466251
7.5075075075075075 0.9484663596673647 0.40250641117638564
7.5375375375375375 0.9484358145572588 0.4003032758163443
7.5675675675675675 0.9484320222536418 0.3987567413784486
7.597597597597598 0.948505981915827 0.3978883682625995
7.627627627627628 0.9485669060367014 0.39771500464669995
7.657657657657658 0.9486490554878423 0.3982483260378248
7.687687687687688 0.9489142609129613 0.3994944581165582
7.717717717717718 0.9489203947156055 0.4014536976224631
7.747747747747748 0.9484481588737387 0.4041203426547867
7.777777777777778 0.9484256989378675 0.40748263968893333
7.807807807807808 0.9481711977720387 0.41152285009142425
7.837837837837838 0.9481009748568163 0.41621743425036406
7.867867867867868 0.9479747267209073 0.4215373469335235
7.897897897897898 0.9477843715915005 0.4274484334311636
7.927927927927928 0.9480811145218407 0.4339119126787532
7.957957957957958 0.948188375389716 0.4408849310598667
7.987987987987988 0.9479647975926083 0.44832116905610137
8.018018018018019 0.9477909840737598 0.4561714823499224
8.048048048048049 0.9475993187839424 0.4643845593340179
8.078078078078079 0.9475569258724448 0.4729075781117627
8.108108108108109 0.9475560535682264 0.4816868478218119
8.138138138138139 0.9476743485213347 0.4906684212982573
8.168168168168169 0.9475257222576028 0.4997986684984597
8.198198198198199 0.9476255403524962 0.5090248026209683
8.228228228228229 0.947674384706363 0.5182953532500448
8.258258258258259 0.9477636486036187 0.5275605830894757
8.288288288288289 0.9478913771471981 0.5367728468100083
8.318318318318319 0.9479956596625259 0.5458868921896051
8.348348348348349 0.9478575935013066 0.5548601050604184
8.378378378378379 0.9478965179644414 0.5636527006011853
8.408408408408409 0.9480012214163903 0.5722278642551947
8.438438438438439 0.9479431379511967 0.5805518460492318
8.468468468468469 0.948048449586026 0.5885940123793011
8.498498498498499 0.9481093454959827 0.5963268594570006
8.528528528528529 0.9482279368876897 0.6037259926146863
8.558558558558559 0.9481802752946559 0.6107700755828622
8.588588588588589 0.9481872514074299 0.6174407537074015
8.618618618618619 0.9483286765461636 0.6237225548896768
8.64864864864865 0.948471052373621 0.6296027718258567
8.67867867867868 0.9486968970862496 0.6350713289037475
8.70870870870871 0.9488040743907945 0.6401206368940231
8.73873873873874 0.94869807060003 0.6447454383515984
8.76876876876877 0.9485898861472568 0.6489426464242449
8.7987987987988 0.9489814638905566 0.6527111795497977
8.82882882882883 0.948936661388506 0.6560517943106459
8.85885885885886 0.9491314989267311 0.6589669185039384
8.88888888888889 0.9494261823325092 0.6614604862782412
8.91891891891892 0.9495339524830552 0.6635377769822136
8.94894894894895 0.9495988126187732 0.6652052591688578
8.97897897897898 0.9496195451483247 0.666470441001016
9.00900900900901 0.9495737246452237 0.6673417281113213
9.03903903903904 0.9496478937662286 0.6678282897842865
9.06906906906907 0.949983752312752 0.6679399341512887
9.0990990990991 0.9502682401382686 0.6676869929223681
9.12912912912913 0.9503618590487203 0.6670802160235795
9.15915915915916 0.9506932840942088 0.6661306763662628
9.18918918918919 0.9509049568663983 0.6648496848459629
9.21921921921922 0.9512323552579871 0.6632487155544409
9.24924924924925 0.951530122094614 0.6613393410884806
9.27927927927928 0.9516018341473766 0.6591331777539143
9.30930930930931 0.9518893220134034 0.6566418403919492
9.33933933933934 0.9518571036305845 0.6538769064967987
9.36936936936937 0.9521072923058734 0.65084988924768
9.3993993993994 0.9521874551043299 0.6475722190432546
9.42942942942943 0.9523823918419493 0.6440552331011108
9.45945945945946 0.9526408606303577 0.6403101726673549
9.48948948948949 0.9527416334696105 0.6363481873701466
9.51951951951952 0.9527865893264272 0.6321803462443736
9.54954954954955 0.9530174998820155 0.6278176549509165
9.57957957957958 0.9532778049918721 0.6232710787113328
9.60960960960961 0.9533006187004384 0.6185515704756118
9.63963963963964 0.9535410585561608 0.6136701038353326
9.66966966966967 0.9538366471903965 0.608637710185453
9.6996996996997 0.9539828677985428 0.6034655196236343
9.72972972972973 0.9544922865302333 0.598164805055135
9.75975975975976 0.9545857247401 0.5927470289426504
9.78978978978979 0.9547721719930516 0.5872238921031039
9.81981981981982 0.9550753874188511 0.5816073839064544
9.84984984984985 0.9552245057889484 0.5759098331747381
9.87987987987988 0.9556409726814944 0.5701439590125473
9.90990990990991 0.9561291535128494 0.5643229207235678
9.93993993993994 0.9566276145530068 0.5584603658821982
9.96996996996997 0.9570769372643874 0.552570475536562
10.0 0.9574145278192939 0.5466680054213312
10.03003003003003 0.9577738427391007 0.5407683219589938
10.06006006006006 0.9581940925471636 0.5348874317305831
10.09009009009009 0.9587018031377531 0.5290420030061909
10.12012012012012 0.9589480601679985 0.5232493778482935
10.15015015015015 0.9593229568311875 0.5175275732435984
10.18018018018018 0.9598421628765514 0.5118952696901072
10.21021021021021 0.9601076217899246 0.5063717856738257
10.24024024024024 0.9605184584793662 0.5009770365232252
10.27027027027027 0.961050464709795 0.4957314762382317
10.3003003003003 0.9611886442819446 0.4906560210628328
10.33033033033033 0.9616508165926994 0.48577195381351534
10.36036036036036 0.9618656956812713 0.48110080829545826
10.39039039039039 0.962317566365453 0.47666423353670645
10.42042042042042 0.9628419258728107 0.4724838380468831
10.45045045045045 0.9633572849296662 0.46858101485523446
10.48048048048048 0.9637928715612378 0.46497674869249306
10.51051051051051 0.9641930726075825 0.4616914073355201
10.54054054054054 0.9643703314993465 0.45874451981111425
10.57057057057057 0.9650067988205749 0.45615454482840934
10.6006006006006 0.9654715576130329 0.4539386334464089
10.63063063063063 0.9660590208774508 0.452112390549615
10.66066066066066 0.9663169587370435 0.4506896401659027
10.69069069069069 0.9666947945149988 0.44968219998158354
10.72072072072072 0.9671024495328286 0.44909967056062544
10.75075075075075 0.9674359124992764 0.4489492447340245
10.78078078078078 0.9678349060659048 0.4492355423785615
10.81081081081081 0.9681599639513451 0.4499604753478082
10.84084084084084 0.9683283190127181 0.4511231466626743
10.87087087087087 0.968714968306308 0.4527197872349096
10.9009009009009 0.9689482606814251 0.45474373241844995
10.93093093093093 0.969378742235802 0.45718543960277636
10.96096096096096 0.9696695398480648 0.4600325469290094
10.99099099099099 0.9699752186294485 0.46326997207578635
11.02102102102102 0.9703058569870184 0.466880048980541
11.05105105105105 0.9704189516423933 0.4708426993802361
11.08108108108108 0.9708182866442374 0.4751356352151279
11.11111111111111 0.9709503016175615 0.4797345872702863
11.14114114114114 0.9714354097727596 0.4846135549522312
11.17117117117117 0.9717330348639351 0.489745071819643
11.2012012012012 0.9716977648820143 0.4951004814042418
11.23123123123123 0.9719198249157608 0.5006502179567356
11.26126126126126 0.9720906244624119 0.5063640870114539
11.29129129129129 0.9722048406702105 0.5122115410545637
11.32132132132132 0.9724409504908051 0.5181619460736915
11.35135135135135 0.9726130345966135 0.5241848353300633
11.381381381381381 0.9724466893579816 0.5302501472972296
11.411411411411411 0.9726943395105832 0.5363284453259437
11.441441441441441 0.972843141960254 0.5423911171988052
11.471471471471471 0.9730832222019453 0.5484105533123083
11.501501501501501 0.9730638393144636 0.5543603027534549
11.531531531531531 0.9730315849299904 0.5602152070137808
11.561561561561561 0.9730648468142464 0.5659515114999476
11.591591591591591 0.9732255706587015 0.5715469553552193
11.621621621621621 0.9732347406172815 0.57698084040106
11.651651651651651 0.9733025268689249 0.582234080245769
11.681681681681681 0.9734794341400155 0.5872892307920291
11.711711711711711 0.9733452155922527 0.5921305035126281
11.741741741741741 0.9733282537253122 0.5967437629591406
11.771771771771771 0.9734650092876314 0.6011165100274153
11.801801801801801 0.9733893443099488 0.6052378525317771
11.831831831831831 0.9736031568168299 0.609098464641563
11.861861861861861 0.9735603407182924 0.6126905367134368
11.891891891891891 0.9736917855765159 0.6160077170145716
11.921921921921921 0.9737959661923066 0.6190450467785256
11.951951951951951 0.9737752719278318 0.621798889970328
11.981981981981981 0.9737944396235846 0.6242668590623751
12.012012012012011 0.9737193175768364 0.6264477380403041
12.042042042042041 0.9737642905915046 0.6283414037698619
12.072072072072071 0.9736047370643157 0.6299487467638247
12.102102102102101 0.9737477050695341 0.6312715922933091
12.132132132132131 0.9736649669071128 0.6323126226922068
12.162162162162161 0.9736921328362231 0.6330753016077006
12.192192192192191 0.9734861109697227 0.6335638008554216
12.222222222222221 0.9733690689912701 0.6337829304454049
12.252252252252251 0.9732572733530822 0.6337380722558965
12.282282282282281 0.9732615320901215 0.6334351177464264
12.312312312312311 0.973233648306869 0.6328804100207487
12.342342342342342 0.9729832986563903 0.632080690473988
12.372372372372372 0.9730326308457018 0.631043050187556
12.402402402402402 0.9731344910691628 0.6297748861700382
12.432432432432432 0.973213505940791 0.6282838624823882
12.462462462462462 0.9731804187169893 0.6265778762314427
12.492492492492492 0.9730281793829021 0.6246650283667174
12.522522522522522 0.9731731339755956 0.6225535991715164
12.552552552552552 0.9732044561754388 0.6202520283000439
12.582582582582582 0.9731814347713873 0.6177688991771959
12.612612612612612 0.9731317918139343 0.6151129275463091
12.642642642642642 0.9728548191852067 0.6122929539221943
12.672672672672672 0.9726956297578812 0.6093179396811041
12.702702702702702 0.9726980770649764 0.6061969664960741
12.732732732732732 0.9728218586445904 0.6029392388041328
12.762762762762762 0.9727645154175186 0.5995540889710048
12.792792792792792 0.9726749517376331 0.5960509847986207
12.822822822822824 0.9724752481597227 0.5924395390006064
12.852852852852854 0.9723911811356405 0.5887295202504381
12.882882882882884 0.9724559595181349 0.5849308653862174
12.912912912912914 0.9726426277774116 0.5810536923347772
12.942942942942944 0.9728060400641556 0.5771083132959802
12.972972972972974 0.9726907749139223 0.5731052477062665
13.003003003003004 0.9726939191121191 0.5690552344784666
13.033033033033034 0.9726003015291346 0.564969242993959
13.063063063063064 0.9725172082502661 0.56085848230345
13.093093093093094 0.9723018414798167 0.5567344079755332
13.123123123123124 0.9723460753617099 0.552608726018535
13.153153153153154 0.9721214875060932 0.5484933932926449
13.183183183183184 0.9722731724492961 0.5444006138272528
13.213213213213214 0.9720477357562467 0.5403428304648117
13.243243243243244 0.9719366275684871 0.5363327112688463
13.273273273273274 0.9718358077987225 0.5323831301622229
13.303303303303304 0.971602956238131 0.5285071413039478
13.333333333333334 0.971497318694243 0.5247179467706745
13.363363363363364 0.9715376839433904 0.5210288571838286
13.393393393393394 0.9716924582189588 0.5174532450164003
13.423423423423424 0.9716888633797862 0.5140044904252844
13.453453453453454 0.9715691650189259 0.5106959195857583
13.483483483483484 0.9714383515058475 0.5075407356534974
13.513513513513514 0.9714951859062152 0.5045519426448037
13.543543543543544 0.971260379368669 0.5017422627048352
13.573573573573574 0.9711441526319824 0.4991240474229925
13.603603603603604 0.9710648847077661 0.49670918404954006
13.633633633633634 0.970966674572678 0.4945089976624549
13.663663663663664 0.9709883332100315 0.4925341505218432
13.693693693693694 0.9708742569090605 0.49079454002405903
13.723723723723724 0.9708642116327255 0.4892991968213317
13.753753753753754 0.9707851623780962 0.48805618479790297
13.783783783783784 0.9706586644132803 0.4870725046831092
13.813813813813814 0.970574537641642 0.4863540031294019
13.843843843843844 0.9706143900759966 0.4859052890836937
13.873873873873874 0.970494601270866 0.48572965923023237
13.903903903903904 0.9705397182607164 0.48582903418084916
13.933933933933934 0.9704324474903159 0.48620390693441495
13.963963963963964 0.9703513753823185 0.4868533049246109
13.993993993993994 0.970267438101722 0.4877747667286923
14.024024024024024 0.9703043909149802 0.48896433422706237
14.054054054054054 0.9701927759565929 0.49041656069306394
14.084084084084084 0.9700887005478479 0.4921245349648964
14.114114114114114 0.9699865529564523 0.4940799215178905
14.144144144144144 0.9699005909577603 0.4962730159271323
14.174174174174174 0.9696662692912957 0.49869281489864836
14.204204204204204 0.9697007260972693 0.501327099762029
14.234234234234235 0.9697432867953701 0.5041625320673587
14.264264264264265 0.9695894635781337 0.5071847597216185
14.294294294294295 0.969634751459284 0.5103785319392665
14.324324324324325 0.9696998154032399 0.5137278211710177
14.354354354354355 0.9696599193729698 0.5172159501147765
14.384384384384385 0.9695907012802574 0.5208257219019263
14.414414414414415 0.9696579707542093 0.5245395515869373
14.444444444444445 0.9692772078774003 0.5283395971447046
14.474474474474475 0.9693280371532537 0.5322078882918334
14.504504504504505 0.9692384070328707 0.5361264515890379
14.534534534534535 0.9692586477037185 0.5400774304452998
14.564564564564565 0.9691692834348243 0.5440431988233722
14.594594594594595 0.969108725660746 0.5480064676345934
14.624624624624625 0.9690469430775955 0.5519503830025027
14.654654654654655 0.9689621128452404 0.555858615764527
14.684684684684685 0.9689931781386212 0.5597154417644914
14.714714714714715 0.9689065047948872 0.5635058126621715
14.744744744744745 0.9688251538892543 0.567215417147303
14.774774774774775 0.9687327584068971 0.570830732591703
14.804804804804805 0.9686253063653406 0.574339067303776
14.834834834834835 0.9683872213607069 0.5777285936640278
14.864864864864865 0.9684385121826111 0.5809883725175417
14.894894894894895 0.9683126963067141 0.5841083692808766
14.924924924924925 0.9683610253209768 0.5870794622865436
14.954954954954955 0.9682678167822659 0.5898934439390892
14.984984984984985 0.9680127745897051 0.5925430152941816
15.015015015015015 0.9680515211977747 0.595021774696644
15.045045045045045 0.9679150874015428 0.5973242011268087
15.075075075075075 0.967789609580346 0.5994456329074886
15.105105105105105 0.9677937400298086 0.6013822424182231
15.135135135135135 0.9677316949047587 0.6031310074495423
15.165165165165165 0.9676587162762949 0.6046896798097485
15.195195195195195 0.9674966492386844 0.6060567517705564
15.225225225225225 0.9675505424838347 0.6072314209072229
15.255255255255255 0.9673692398390051 0.608213553854263
15.285285285285285 0.9672482405328744 0.6090036494604232
15.315315315315315 0.9671243793023417 0.609602801787032
15.345345345345345 0.9671426871948494 0.610012663352853
15.375375375375375 0.9669968997104982 0.6102354089867181
15.405405405405405 0.9671225430710905 0.6102737006072383
15.435435435435435 0.9670274163404817 0.6101306532070885
15.465465465465465 0.9668563292110802 0.6098098022782623
15.495495495495495 0.9668999039209399 0.6093150728746349
15.525525525525525 0.9669168453708316 0.6086507504694351
15.555555555555555 0.9668613109176326 0.6078214537280705
15.585585585585585 0.966605941476767 0.6068321092813121
15.615615615615615 0.9664941315913139 0.6056879285502539
15.645645645645645 0.9665745671745821 0.6043943866427736
15.675675675675675 0.9663079965411675 0.6029572033115395
15.705705705705705 0.9665102492056592 0.6013823259357821
15.735735735735735 0.9664713967489693 0.5996759144631562
15.765765765765765 0.9666112376365481 0.5978443282239636
15.795795795795796 0.9663236430056134 0.5958941145076608
15.825825825825826 0.9662962372410376 0.5938319987709192
15.855855855855856 0.9660703779704611 0.5916648763274021
15.885885885885886 0.9659540624315379 0.5893998053518352
15.915915915915916 0.9659735546292751 0.5870440010147603
15.945945945945946 0.9661200075480525 0.5846048305495374
15.975975975975976 0.9660873803842133 0.5820898090397512
16.006006006006007 0.9658885251885879 0.5795065957031199
16.036036036036037 0.9659397595220427 0.5768629904373895
16.066066066066067 0.9656167872951371 0.5741669303845761
16.096096096096097 0.9653753163925648 0.5714264862626063
16.126126126126128 0.965238268854358 0.568649858207869
16.156156156156158 0.9652176476709551 0.5658453708687796
16.186186186186188 0.9651178653465963 0.5630214674895818
16.216216216216218 0.9648312327462352 0.5601867027253387
16.246246246246248 0.9647321202914347 0.5573497339339901
16.276276276276278 0.964461213083063 0.5545193106997824
16.306306306306308 0.9644884373156412 0.5517042623545935
16.336336336336338 0.9644105628141189 0.5489134832804012
16.366366366366368 0.9643105446343176 0.5461559157972284
16.396396396396398 0.9642827105398314 0.5434405304672647
16.426426426426428 0.9641494806478615 0.5407763036772372
16.456456456456458 0.9641942575724378 0.5381721923979016
16.486486486486488 0.9642337553838982 0.5356371060619792
16.516516516516518 0.9644287371971628 0.5331798755490482
16.546546546546548 0.9643016554486296 0.5308092193187836
16.576576576576578 0.9642925658103746 0.5285337067907478
16.606606606606608 0.9642182655500117 0.5263617191297495
16.636636636636638 0.9640700840922601 0.5243014076595351
16.666666666666668 0.963954931806929 0.522360650192834
16.696696696696698 0.9639265236073864 0.5205470056314353
16.726726726726728 0.9640361399872794 0.5188676672544021
16.756756756756758 0.9639733547630945 0.5173294151738509
16.786786786786788 0.9640398167517807 0.5159385684943134
16.816816816816818 0.9639880955504867 0.5147009377615371
16.846846846846848 0.9639666948330226 0.5136217783276957
16.876876876876878 0.9639505027664828 0.5127057452906871
16.906906906906908 0.9641765740595751 0.5119568506839205
16.936936936936938 0.9644613034335077 0.5113784235982457
16.966966966966968 0.9645822786231044 0.5109730739082834
16.996996996996998 0.9647955130819224 0.5107426602511307
17.027027027027028 0.9649130517062181 0.5106882628657089
17.057057057057058 0.9652660722142442 0.5108101618462614
17.087087087087088 0.9656397885440243 0.5111078212947252
17.117117117117118 0.9660814432491183 0.5115798797748069
17.147147147147148 0.9663887764502541 0.5122241473780775
17.177177177177178 0.9669369571934693 0.5130376096105831
17.207207207207208 0.9673756158200152 0.5140164382006879
17.237237237237238 0.9678203084172836 0.5151560088175172
17.26726726726727 0.9684617385601489 0.5164509255774147
17.2972972972973 0.9691928012117293 0.5178950521062654
17.32732732732733 0.9697331950168427 0.5194815488213169
17.35735735735736 0.9703617872960678 0.5212029159995489
17.38738738738739 0.9710053259246163 0.5230510421134308
17.41741741741742 0.9713201631927622 0.5250172568406993
17.44744744744745 0.9716383650397302 0.5270923880942178
17.47747747747748 0.9725229666289114 0.5292668223720878
17.50750750750751 0.9730276868112865 0.5315305676972966
17.53753753753754 0.9735686757955515 0.5338733184005882
17.56756756756757 0.9739406149568486 0.5362845209993822
17.5975975975976 0.974264125794304 0.5387534404385423
17.62762762762763 0.9746507541890598 0.5412692259847376
17.65765765765766 0.9750310606341899 0.5438209761031823
17.68768768768769 0.9752306117887125 0.5463978016925505
17.71771771771772 0.975631430193988 0.5489888871086511
17.74774774774775 0.9756668138749212 0.5515835484685271
17.77777777777778 0.97584417560969 0.5541712887920307
17.80780780780781 0.9760070139931071 0.5567418496060391
17.83783783783784 0.9763802538582551 0.559285258705628
17.86786786786787 0.9765930324633583 0.561791873835253
17.8978978978979 0.9766933091807422 0.5642524221200858
17.92792792792793 0.9767875619146195 0.5666580351419486
17.95795795795796 0.9768171429780684 0.5690002796148738
17.98798798798799 0.9770255661986162 0.571271183671538
18.01801801801802 0.9771666757911251 0.573463258823051
18.04804804804805 0.9770898197195695 0.5755695177004674
18.07807807807808 0.976956318600838 0.577583487726842
18.10810810810811 0.9770152927047229 0.5794992209032634
18.13813813813814 0.9770283103584941 0.5813112999215455
18.16816816816817 0.9769882427579141 0.5830148408398386
18.1981981981982 0.9770222399881037 0.5846054925758085
18.22822822822823 0.9770157276906718 0.5860794334854319
18.25825825825826 0.9771100635289376 0.5874333653040724
18.28828828828829 0.9770413001269294 0.58866450473093
18.31831831831832 0.9769797162422682 0.5897705729382922
18.34834834834835 0.9770048997595214 0.5907497832838451
18.37837837837838 0.9770032989173395 0.5916008274979309
18.40840840840841 0.9769763676819863 0.5923228606086212
18.43843843843844 0.9770005440636758 0.5929154848556943
18.46846846846847 0.9769048294793655 0.5933787328313701
18.4984984984985 0.9768208974109757 0.5937130500700932
18.52852852852853 0.9768286471054257 0.593919277293374
18.55855855855856 0.9766485781704957 0.5939986324978076
18.58858858858859 0.9765220036818244 0.593952693056303
18.61861861861862 0.9763086658869734 0.5937833779834943
18.64864864864865 0.9762138623354185 0.5934929304973819
18.67867867867868 0.9763482502552295 0.5930839009899856
18.70870870870871 0.976345508787776 0.592559130501007
18.73873873873874 0.9764745991311274 0.591921734769561
18.76876876876877 0.9764278487085818 0.5911750889211363
18.7987987987988 0.9765133399532423 0.5903228128290731
18.82882882882883 0.9763824905763807 0.5893687571729599
18.85885885885886 0.976449818167539 0.5883169902001903
18.88888888888889 0.9763333433258077 0.5871717851814618
18.91891891891892 0.9763091691763877 0.585937608536543
18.94894894894895 0.976246638742064 0.5846191085931062
18.97897897897898 0.9762465846473342 0.5832211049288454
19.00900900900901 0.9761865338672973 0.5817485782355301
19.03903903903904 0.9761098546790803 0.5802066606332003
19.06906906906907 0.9760675834867785 0.578600626353317
19.0990990990991 0.9759325651488964 0.5769358827015365
19.12912912912913 0.9758757522500572 0.5752179612036318
19.15915915915916 0.9758135047069634 0.5734525088324132
19.18918918918919 0.9757628600281097 0.571645279208995
19.21921921921922 0.9757058592491527 0.5698021236686703
19.24924924924925 0.9757138322461296 0.5679289820800782
19.27927927927928 0.9755802984952435 0.5660318733061418
19.30930930930931 0.9755161502045772 0.5641168851968501
19.33933933933934 0.975372911445498 0.5621901640071644
19.36936936936937 0.975363030333052 0.5602579031381123
19.3993993993994 0.9753073892822437 0.5583263311062406
19.42942942942943 0.9752103467688785 0.5564016986549846
19.45945945945946 0.9752490797397855 0.5544902649324092
19.48948948948949 0.9751837051121182 0.5525982826722748
19.51951951951952 0.9750761836407611 0.5507319823299707
19.54954954954955 0.9750892603905341 0.5488975551414303
19.57957957957958 0.9750804592461103 0.5471011350914354
19.60960960960961 0.9750707118899237 0.5453487797978117
19.63963963963964 0.9749172289373278 0.5436464503396446
19.66966966966967 0.9748676639229974 0.5419999900805034
19.6996996996997 0.9747473794188424 0.540415102561673
19.72972972972973 0.9747506125163721 0.5388973285649914
19.75975975975976 0.9746443989137082 0.5374520224697203
19.78978978978979 0.9744995170616033 0.5360843280526776
19.81981981981982 0.9746804666061482 0.5347991539048647
19.84984984984985 0.974660266490219 0.5336011486606287
19.87987987987988 0.9745956314509066 0.5324946762565069
19.90990990990991 0.9744953841957626 0.5314837914555803
19.93993993993994 0.9744201812081653 0.5305722158890419
19.96996996996997 0.9744548408747897 0.5297633148790506
20.0 0.9743957511222802 0.5290600753153875
20.03003003003003 0.9743627121095786 0.5284650848625561
20.06006006006006 0.9741557784947781 0.5279805127733224
20.09009009009009 0.9742080124434879 0.527608092579078
20.12012012012012 0.9740326938689674 0.5273491069167305
20.15015015015015 0.9741893904396594 0.5272043747359306
20.18018018018018 0.9741017002494912 0.52717424110963
20.21021021021021 0.9740310416373121 0.5272585698453206
20.24024024024024 0.973892618586425 0.5274567390643031
20.27027027027027 0.9739104624225734 0.5277676398825093
20.3003003003003 0.9739195828994734 0.5281896782892951
20.33033033033033 0.9738389493188382 0.5287207802810475
20.36036036036036 0.9738241162300069 0.529358400265221
20.39039039039039 0.9738174953445862 0.5300995327081881
20.42042042042042 0.9737447970601346 0.5309407269584344
20.45045045045045 0.9735220033025056 0.531878105135283
20.48048048048048 0.9735322546127239 0.5329073829341988
20.51051051051051 0.9734329020998059 0.5340238931629071
20.54054054054054 0.9733744648882048 0.5352226117891514
20.57057057057057 0.9733605375782308 0.5364981862515498
20.6006006006006 0.9734726152844226 0.5378449657598948
20.63063063063063 0.9732227552119604 0.5392570332912467
20.66066066066066 0.9732097967480213 0.5407282389729939
20.69069069069069 0.9730774315115562 0.5422522345343926
20.72072072072072 0.9729770294572783 0.5438225085034004
20.75075075075075 0.9728764878494397 0.5454324218261795
20.78078078078078 0.9729826710986413 0.54707524359201
20.81081081081081 0.9730684596907321 0.5487441865561746
20.84084084084084 0.9731421627949702 0.550432442167375
20.87087087087087 0.9732442584719415 0.5521332148237735
20.9009009009009 0.9731700203939456 0.5538397551024233
20.93093093093093 0.9730093600190104 0.5555453917299848
20.96096096096096 0.9729629801007852 0.5572435620878166
20.99099099099099 0.9730067667396202 0.5589278410708937
21.02102102102102 0.9727868483716249 0.5605919681476258
21.05105105105105 0.9729346964018162 0.5622298724950814
21.08108108108108 0.9729623231269078 0.56383569611185
21.11111111111111 0.9729169272665211 0.5654038148376835
21.14114114114114 0.972651844618161 0.5669288572351336
21.17117117117117 0.9724258312293108 0.5684057213130458
21.2012012012012 0.9723235668617153 0.5698295890950479
21.23123123123123 0.9721507821572166 0.5711959390574309
21.26126126126126 0.9722564339349028 0.5725005564804542
21.29129129129129 0.9721214738435733 0.5737395417742014
21.32132132132132 0.9720891347042009 0.5749093168556741
21.35135135135135 0.9721367481156874 0.5760066296664981
21.38138138138138 0.9721954063484185 0.5770285569318099
21.41141141141141 0.9721343798349851 0.5779725052694773
21.44144144144144 0.971977771158437 0.5788362107654752
21.47147147147147 0.9720991305000144 0.5796177371360939
21.5015015015015 0.9718457946485568 0.5803154726002637
21.53153153153153 0.9716069243749341 0.580928125586653
21.56156156156156 0.9715192359922298 0.5814547193994638
21.59159159159159 0.9714423836669966 0.5818945859649421
21.62162162162162 0.9714711557155261 0.5822473587773958
21.65165165165165 0.9713223646230634 0.5825129651589369
21.68168168168168 0.9710976301097582 0.5826916179417604
21.71171171171171 0.9711440028487265 0.5827838066753659
21.74174174174174 0.9712214543505048 0.582790288454121
21.77177177177177 0.9713227842765964 0.5827120784528015
21.8018018018018 0.9714512621661117 0.5825504402496565
21.83183183183183 0.9715584443914237 0.5823068760080995
21.86186186186186 0.9714533860916621 0.5819831165794087
21.89189189189189 0.9713153189959989 0.5815811115800913
21.92192192192192 0.9713128997196807 0.5811030194886485
21.95195195195195 0.9712696320419751 0.5805511977979393
21.98198198198198 0.9711065837286245 0.5799281932506887
22.01201201201201 0.9709837471673923 0.5792367321774352
22.04204204204204 0.9707127688721868 0.5784797109483041
22.07207207207207 0.9707033128607198 0.5776601865423985
22.1021021021021 0.97066644503196 0.5767813672314923
22.13213213213213 0.9707989633406181 0.5758466033681493
22.16216216216216 0.9707023279076449 0.5748593782623321
22.19219219219219 0.9706065195414874 0.5738232991251624
22.22222222222222 0.9706620308182234 0.5727420880537096
22.25225225225225 0.970685135055884 0.5716195730266291
22.28228228228228 0.970538734247457 0.57045967887712
22.31231231231231 0.9703002016987016 0.5692664182071014
22.34234234234234 0.9702933510770997 0.568043882204751
22.37237237237237 0.970250976943796 0.5667962313265772
22.4024024024024 0.9702061895070674 0.565527685805161
22.43243243243243 0.9700244034264649 0.5642425159444238
22.46246246246246 0.9699621449389448 0.5629450321660432
22.49249249249249 0.969724843616436 0.5616395747731274
22.52252252252252 0.9696251708020883 0.560330503400827
22.55255255255255 0.9698567863071152 0.5590221861278695
22.58258258258258 0.9696414835918317 0.5577189882282971
22.61261261261261 0.9695324545655407 0.556425260548769
22.64264264264264 0.969534057326925 0.5551453275036726
22.67267267267267 0.969441339241331 0.5538834746880114
22.7027027027027 0.9693140860847453 0.5526439361162353
22.73273273273273 0.9692288427123633 0.5514308811042465
22.762762762762762 0.969259617349804 0.5502484008211064
22.792792792792792 0.9692716213458794 0.5491004945467165
22.822822822822822 0.9691248092193712 0.5479910556818887
22.852852852852852 0.9690600623828083 0.5469238575670515
22.882882882882882 0.968934162987423 0.5459025391760188
22.912912912912912 0.9688869946736054 0.5449305907607132
22.942942942942942 0.9688618378321507 0.5440113395322461
22.972972972972972 0.968770116460737 0.543147935472013
23.003003003003002 0.9686013410011324 0.5423433373743767
23.033033033033032 0.9686025333513988 0.541600299229131
23.063063063063062 0.9683584361273779 0.5409213570573113
23.093093093093092 0.9683072832933856 0.5403088163180391
23.123123123123122 0.968454652666886 0.539764740006428
23.153153153153152 0.9682915913104247 0.5392909375634208
23.183183183183182 0.9681042207184738 0.5388889547173754
23.213213213213212 0.9679085771742154 0.5385600643742374
23.243243243243242 0.9677692791892744 0.5383052586684008
23.273273273273272 0.967740602966018 0.5381252422794811
23.303303303303302 0.967561134401875 0.5380204271117814
23.333333333333332 0.9675075853895736 0.537990928422641
23.363363363363362 0.967467945100925 0.5380365624739658
23.393393393393392 0.9673384763834428 0.5381568457675406
23.423423423423422 0.9672421253429142 0.538350995910019
23.453453453453452 0.9673913024962197 0.5386179341374838
23.483483483483482 0.9671120645632986 0.538956289512759
23.513513513513512 0.9670288759212537 0.5393644047915986
23.543543543543542 0.9669338547991466 0.5398403439362046
23.573573573573572 0.9670677034885938 0.5403819012373751
23.603603603603602 0.9669401008972018 0.5409866119896136
23.633633633633632 0.9669360977813538 0.5416517646470856
23.663663663663662 0.9668354257692339 0.5423744143731934
23.693693693693692 0.96692263454059 0.543151397882334
23.723723723723722 0.9669170711125623 0.5439793494596938
23.753753753753752 0.9668317595103307 0.5448547180340348
23.783783783783782 0.9670270767224628 0.5457737851690047
23.813813813813812 0.9670115681885901 0.5467326838312905
23.843843843843842 0.9672223605663727 0.5477274177884609
23.873873873873872 0.9673195211428605 0.5487538814860082
23.903903903903903 0.9674350115257674 0.5498078802517695
23.933933933933933 0.9673283966371002 0.5508851506763527
23.963963963963963 0.967476817494359 0.551981381020772
23.993993993993993 0.9679752580458293 0.5530922315066573
24.024024024024023 0.9681566338184703 0.5542133543501346
24.054054054054053 0.9684721043807037 0.5553404134078471
24.084084084084083 0.968933143618003 0.5564691033120576
24.114114114114113 0.9693125394965533 0.5575951679813922
24.144144144144143 0.9696672095807218 0.5587144184042742
24.174174174174173 0.9700767657300846 0.5598227496032472
24.204204204204203 0.9705218723026762 0.5609161567000347
24.234234234234233 0.9709903567786441 0.56199075001306
24.264264264264263 0.9714583826637886 0.5630427691311862
24.294294294294293 0.9719497683473258 0.5640685959193148
24.324324324324323 0.9722332896315099 0.5650647664231754
24.354354354354353 0.9727544587504768 0.5660279816519104
24.384384384384383 0.9731623337036013 0.5669551172278379
24.414414414414413 0.9736464889925832 0.5678432319028919
24.444444444444443 0.9740227393548592 0.5686895749507208
24.474474474474473 0.9744351997153038 0.5694915924520211
24.504504504504503 0.9747043777748662 0.5702469324985074
24.534534534534533 0.9750095659794819 0.570953449347851
24.564564564564563 0.9752656296837902 0.5716092065679461
24.594594594594593 0.9756677700116507 0.5722124792139248
24.624624624624623 0.975819267570713 0.5727617550856478
24.654654654654653 0.9760087515230864 0.5732557351166171
24.684684684684683 0.9762421027660584 0.5736933329477958
24.714714714714713 0.9762919069321966 0.5740736737414309
24.744744744744743 0.9766039978624323 0.574396092290842
24.774774774774773 0.976635596550073 0.574660130482286
24.804804804804803 0.9766346956798089 0.5748655341644369
24.834834834834833 0.976850373651455 0.5750122494799733
24.864864864864863 0.9768711309098075 0.5751004187119857
24.894894894894893 0.9770202624796185 0.5751303756956875
24.924924924924923 0.9770735158376179 0.5751026408435107
24.954954954954953 0.9771716272206168 0.5750179158285141
24.984984984984983 0.977080109150476 0.5748770779678894
25.015015015015013 0.977166603084347 0.5746811743448252
25.045045045045043 0.9771980279215747 0.574431415703441
25.075075075075073 0.9771727343955349 0.5741291701475733
25.105105105105103 0.9772172020080669 0.5737759566706194
25.135135135135133 0.9772110477306661 0.573373438539633
25.165165165165163 0.9771598093814993 0.5729234165532572
25.195195195195193 0.9771987552212396 0.5724278221893877
25.225225225225223 0.9770669756049993 0.5718887106549446
25.255255255255253 0.9770245319488488 0.5713082538467842
25.285285285285283 0.9769559800590037 0.5706887332298067
25.315315315315313 0.9769506128036098 0.5700325326354433
25.345345345345343 0.9770185823227715 0.5693421309810061
25.375375375375373 0.977091339048799 0.5686200949085286
25.405405405405403 0.9768433673332295 0.5678690713395336
25.435435435435434 0.9769453679731237 0.5670917799409075
25.465465465465464 0.9769003038020573 0.5662910054958231
25.495495495495494 0.9768220068861441 0.5654695901731056
25.525525525525524 0.9768309372396413 0.5646304256880778
25.555555555555554 0.976788688072828 0.563776445348065
25.585585585585584 0.9767859743610177 0.5629106159765477
25.615615615615614 0.9766012668748346 0.5620359297105939
25.645645645645647 0.9766075615693396 0.5611553956680608
25.675675675675677 0.9764409851060059 0.5602720314826064
25.705705705705707 0.9764218538460732 0.5593888547069384
25.735735735735737 0.9765421719142455 0.5585088740873525
25.765765765765767 0.9765868451870814 0.5576350807154986
25.795795795795797 0.9764858606542878 0.5567704390666838
25.825825825825827 0.9764492629339141 0.5559178779374389
25.855855855855857 0.9763672208340545 0.5550802812989813
25.885885885885887 0.9763188778159695 0.5542604790870241
25.915915915915917 0.9761705373442741 0.5534612379523834
25.945945945945947 0.9760960422052557 0.55268525200117
25.975975975975977 0.9760520084811789 0.5519351335570131
26.006006006006007 0.9760450709342382 0.551213403982168
26.036036036036037 0.9759148645534589 0.5505224845978404
26.066066066066067 0.9758502282469761 0.5498646877478058
26.096096096096097 0.9759514223980188 0.5492422080526124
26.126126126126128 0.9758734494322973 0.5486571139044499
26.156156156156158 0.9757306084069515 0.5481113392552803
26.186186186186188 0.97574069413983 0.5476066757525884
26.216216216216218 0.9756038181090061 0.5471447652783962
26.246246246246248 0.9756291522495533 0.5467270929478182
26.276276276276278 0.9755865424320637 0.5463549806233363
26.306306306306308 0.9756261467439294 0.5460295810001196
26.336336336336338 0.9754359289483856 0.5457518723161987
26.366366366366368 0.9754354195853902 0.5455226537388549
26.396396396396398 0.9753434088710909 0.5453425414755695
26.426426426426428 0.9752654697757979 0.5452119656538921
26.456456456456458 0.975258440714883 0.5451311680100576
26.486486486486488 0.9752667080042405 0.5451002004208632
26.516516516516518 0.9752317561043243 0.5451189243074309
26.546546546546548 0.975162875449013 0.5451870109330008
26.576576576576578 0.9751265152659738 0.545303942609999
26.606606606606608 0.9749940680119675 0.5454690148243202
26.636636636636638 0.9748427385857595 0.5456813392771823
26.666666666666668 0.9749141927203229 0.5459398478371897
26.696696696696698 0.9749929407350426 0.5462432973874461
26.726726726726728 0.974927495906194 0.5465902755448094
26.756756756756758 0.9749519328731656 0.5469792072208972
26.786786786786788 0.9748548697612114 0.547408361987039
26.816816816816818 0.9747649812789975 0.547875862198699
26.846846846846848 0.9746744352431111 0.5483796918282631
26.876876876876878 0.9748276775085115 0.5489177059494644
26.906906906906908 0.9747521856370357 0.5494876408114656
26.936936936936938 0.9748604920030769 0.5500871244361374
26.966966966966968 0.9747628546823184 0.5507136876684848
26.996996996996998 0.9746571947098805 0.5513647756072336
27.027027027027028 0.974420135491555 0.5520377593405524
27.057057057057058 0.9744366985255645 0.5527299479106746
27.087087087087088 0.9743293110354583 0.5534386004308767
27.117117117117118 0.9741127612710534 0.554160938278601
27.147147147147148 0.9741230762611803 0.5548941572897751
27.177177177177178 0.9741293634938372 0.555635439881366
27.207207207207208 0.9739156019085726 0.5563819670317526
27.237237237237238 0.97396986674786 0.5571309300518729
27.26726726726727 0.9737368197091221 0.5578795420837896
27.2972972972973 0.9738438925009089 0.5586250492677306
27.32732732732733 0.9739579514827018 0.559364741523255
27.35735735735736 0.9737985895766818 0.5600959628952697
27.38738738738739 0.9737392063345282 0.560816121420854
27.41741741741742 0.9739262127621481 0.5615226984783032
27.44744744744745 0.9740206922652502 0.5622132575852775
27.47747747747748 0.9738234152662499 0.5628854526185398
27.50750750750751 0.9737437422721068 0.5635370354331734
27.53753753753754 0.9737131677421853 0.5641658628645357
27.56756756756757 0.9736030298380729 0.5647699031014796
27.5975975975976 0.9734777155170689 0.5653472414242263
27.62762762762763 0.9734515162637835 0.565896085305044
27.65765765765766 0.9734292091794118 0.5664147688742344
27.68768768768769 0.9733563957152646 0.5669017567579406
27.71771771771772 0.9730812193570564 0.5673556472981108
27.74774774774775 0.973151091997139 0.5677751751680731
27.77777777777778 0.9731364886749085 0.5681592134002524
27.80780780780781 0.9730946268936796 0.5685067748448946
27.83783783783784 0.9731561620337414 0.5688170130810423
27.86786786786787 0.9732167472824764 0.569089222802435
27.8978978978979 0.9731302715966764 0.5693228397026109
27.92792792792793 0.9730270104576839 0.5695174398842955
27.95795795795796 0.972967471644455 0.5696727388188902
27.98798798798799 0.9729481578139466 0.5697885898821599
28.01801801801802 0.9729041230255979 0.5698649824921769
28.04804804804805 0.9728437599828325 0.5699020398754309
28.07807807807808 0.9728246794860608 0.5699000164862608
28.10810810810811 0.9728053663891985 0.5698592951043095
28.13813813813814 0.9727942857533324 0.56978038363355
28.16816816816817 0.9727664621691379 0.5696639116253588
28.1981981981982 0.9727217393860378 0.5695106265470077
28.22822822822823 0.9728201071613163 0.5693213898155068
28.25825825825826 0.9727187732828417 0.5690971726153162
28.28828828828829 0.972698531136571 0.5688390515170811
28.31831831831832 0.9726985778218029 0.5685482039130219
28.34834834834835 0.9726689005004254 0.5682259032831904
28.37837837837838 0.9725701093651348 0.5678735143053727
28.40840840840841 0.972478809145481 0.5674924878200919
28.43843843843844 0.9724567413585582 0.5670843556608672
28.46846846846847 0.9724880516617649 0.5666507253587444
28.4984984984985 0.9724030042588229 0.5661932747290692
28.52852852852853 0.9721594142571517 0.5657137463475433
28.55855855855856 0.9721492916775135 0.5652139419218916
28.58858858858859 0.9721202462591821 0.5646957165648518
28.61861861861862 0.9719427767015405 0.5641609729737831
28.64864864864865 0.9719820917125344 0.5636116555219866
28.67867867867868 0.9719883867597827 0.5630497442667495
28.70870870870871 0.9719569284321051 0.5624772488792897
28.73873873873874 0.9719604703267827 0.5618962025021151
28.76876876876877 0.9718218167141429 0.5613086555397868
28.7987987987988 0.9719946427216445 0.5607166693898282
28.82882882882883 0.9720329343510782 0.5601223101213412
28.85885885885886 0.9720046812410561 0.559527642109921
28.88888888888889 0.9719119376154577 0.5589347216386688
28.91891891891892 0.9719606997952555 0.5583455904763222
28.94894894894895 0.9718369861240916 0.5577622694450036
28.97897897897898 0.9716428055361839 0.557186751991521
29.00900900900901 0.9717101817149699 0.5566209977777333
29.03903903903904 0.9716159741501703 0.5560669263070647
29.06906906906907 0.9715341073269556 0.5555264106058311
29.0990990990991 0.9714259733138515 0.5550012709796925
29.12912912912913 0.971199065837136 0.5544932688668657
29.15915915915916 0.9709507618138753 0.5540041008114222
29.18918918918919 0.970982572474065 0.5535353925811133
29.21921921921922 0.9709692931582308 0.5530886934553496
29.24924924924925 0.9708659384508298 0.5526654707100328
29.27927927927928 0.9708864527368958 0.5522671043266921
29.30930930930931 0.9708745145948549 0.5518948819537597
29.33933933933934 0.9709937193586928 0.5515499941483938
29.36936936936937 0.9707987027212567 0.5512335299269381
29.3993993993994 0.9708624013937287 0.5509464726520331
29.42942942942943 0.9705990874775036 0.5506896962836616
29.45945945945946 0.9705843098116971 0.5504639620204927
29.48948948948949 0.9706141202074959 0.5502699153566804
29.51951951951952 0.9704791096573111 0.5501080835774969
29.54954954954955 0.970437292519954 0.5499788737155313
29.57957957957958 0.9702881305960565 0.549882570986661
29.60960960960961 0.970234320226499 0.5498193377227205
29.63963963963964 0.9701507544740915 0.5497892128148618
29.66966966966967 0.9700996367312621 0.5497921116785511
29.6996996996997 0.970132987099948 0.5498278267480078
29.72972972972973 0.9700513096947668 0.5498960285043465
29.75975975975976 0.9700001941628009 0.5499962670381335
29.78978978978979 0.9699128130525244 0.5501279741434348
29.81981981981982 0.9696620323039123 0.5502904659367149
29.84984984984985 0.969687959332676 0.5504829459901855
29.87987987987988 0.9697539111212616 0.5507045089655506
29.90990990990991 0.9695099958142365 0.550954144730452
29.93993993993994 0.9695983633771748 0.5512307429365026
29.96996996996997 0.9695740737256558 0.5515330980345315
30.0 0.9695252447763184 0.5518599146994124
