t sigma_z_100 sigma_z_1000 sigma_z_10000
0.0 1.0 1.0 1.0
0.05005005005005005 0.99874070878135 0.9987522264681468 0.9987506173564589
0.1001001001001001 0.9949490918520583 0.9950407173492062 0.9950322473904276
0.15015015015015015 0.9886233396985117 0.9889402828297839 0.9889309643755303
0.2002002002002002 0.9797546139529533 0.9805726445365895 0.9805892168683406
0.2502502502502503 0.9685107927999256 0.9700589329756155 0.9701944566285085
0.3003003003003003 0.9552669096397124 0.9576127614785755 0.9579383937394578
0.3503503503503504 0.940217484730747 0.9433860283455172 0.9440485650848557
0.4004004004004004 0.9230028899160857 0.9277134873862676 0.928710046020749
0.45045045045045046 0.9043716028580129 0.9109459576680567 0.912181406439012
0.5005005005005005 0.8836562147675852 0.8932309090127014 0.8945932958315234
0.5505505505505506 0.8615632682467449 0.8747324444344737 0.876238382628368
0.6006006006006006 0.8374238207622802 0.8554659135198525 0.8573911626164646
0.6506506506506506 0.8113033809728546 0.8356599373771663 0.8383584398401028
0.7007007007007008 0.7851779489357013 0.8158280079548734 0.8194458366560003
0.7507507507507508 0.7587145651903251 0.7959319007000825 0.8008768499051951
0.8008008008008008 0.732973829704687 0.7764962457971992 0.7828615533234371
0.8508508508508509 0.7093799421904555 0.7577221549319243 0.7655854362420369
0.9009009009009009 0.6869051058016238 0.7403722699028787 0.7493111948329886
0.9509509509509511 0.6664500100339827 0.7245299130054177 0.7343085631296578
1.001001001001001 0.6490958505773399 0.7101848751821528 0.720711964412304
1.0510510510510511 0.6358367064015996 0.6977697713270377 0.7087095233155598
1.1011011011011012 0.625472160136556 0.6875995884206264 0.6984117356400293
1.1511511511511512 0.6170989930131455 0.6794392842568108 0.689816168089065
1.2012012012012012 0.6094239970827462 0.6727663462765688 0.6829611838807186
1.2512512512512513 0.6012570504300113 0.6681912097479581 0.6777168862306354
1.3013013013013013 0.5941450036233032 0.6656125700522474 0.6739613240509609
1.3513513513513515 0.5882798615987205 0.6645434159231519 0.6716478954929682
1.4014014014014016 0.5843647770579518 0.6649129226596798 0.6705785399969638
1.4514514514514516 0.5818928821285623 0.6664603048884239 0.6706911493439232
1.5015015015015016 0.5822691283395582 0.6687159063502479 0.6716506614844886
1.5515515515515517 0.5841928691695165 0.6713560046405733 0.6733246725869992
1.6016016016016017 0.5871295084563675 0.6747827745539854 0.6754063631599524
1.6516516516516517 0.5909714123369163 0.6787850412188869 0.6778306136943911
1.7017017017017018 0.5953715405244072 0.6827993450960664 0.6803372965355551
1.7517517517517518 0.5998439849859003 0.6864286065983095 0.6827737383840208
1.8018018018018018 0.6034970285086012 0.6897782296401097 0.685083689572014
1.8518518518518519 0.6066584156602287 0.6926890411742139 0.6871085102067921
1.9019019019019021 0.609219534471511 0.6949803523806752 0.6886864821334324
1.9519519519519521 0.6104714091564855 0.6963996674130304 0.6899153977872162
2.002002002002002 0.6107519569909124 0.6967059037879346 0.6906012480812231
2.052052052052052 0.6083684648060568 0.6964589938861082 0.6907270770697498
2.1021021021021022 0.6031602183023596 0.6958549380554825 0.6902809649159838
2.1521521521521523 0.5962780590157685 0.6949180525983573 0.6891209842018975
2.2022022022022023 0.5884852079263214 0.693846311200381 0.6873122170177512
2.2522522522522523 0.579911573863556 0.6921276040418587 0.684783003930125
2.3023023023023024 0.5706233733709112 0.6899074276285414 0.6815402080581819
2.3523523523523524 0.5617642128626108 0.6869656451417451 0.6776139858911561
2.4024024024024024 0.5542714972157556 0.6833456793447577 0.6730316652417698
2.4524524524524525 0.5468559479003662 0.6792370881852641 0.6678345478088626
2.5025025025025025 0.5399572274514839 0.6747940252315888 0.6619607024798756
2.5525525525525525 0.5335360850094895 0.6695278922410967 0.6553186070210251
2.6026026026026026 0.5286925656771363 0.66359841495957 0.6480593143792448
2.6526526526526526 0.5239927490473368 0.657022424140921 0.6402928154222607
2.702702702702703 0.5188026581643724 0.6499403479501134 0.6319592929882214
2.752752752752753 0.5130183647364516 0.642018308468264 0.6233101140165751
2.802802802802803 0.5073192394143262 0.6333457813447615 0.6143022076848174
2.852852852852853 0.5010225591635628 0.6240276718451991 0.6047494390880104
2.902902902902903 0.4935437772186612 0.6139737350206447 0.5949637837653607
2.9529529529529532 0.48488906987816527 0.6040637477393881 0.5849553625845816
3.0030030030030033 0.4752821818187634 0.5940595146382676 0.5747583437643506
3.0530530530530533 0.46540520772617205 0.583814026873201 0.564543869038808
3.1031031031031033 0.4563682658031651 0.5736389247427207 0.5542340983625712
3.1531531531531534 0.44711130752162775 0.5633893612085855 0.5439123064515512
3.2032032032032034 0.4366783718812408 0.5529697150425509 0.5335975464791508
3.2532532532532534 0.4256627207690039 0.5422324376615117 0.523360705464337
3.3033033033033035 0.41476584522657467 0.5314749278087861 0.5130798864896713
3.3533533533533535 0.4045446679969953 0.5206840454662452 0.5028498868037885
3.4034034034034035 0.3963006647048725 0.5100375419676528 0.49269378708374645
3.4534534534534536 0.3877381690053119 0.4993444230964785 0.4827219852216588
3.5035035035035036 0.38025453976307105 0.4883006481438806 0.47288981858830487
3.5535535535535536 0.3733929259478923 0.47726832449506335 0.4632680227410544
3.6036036036036037 0.36746694083797693 0.46650694418854916 0.4539709736690176
3.6536536536536537 0.36161993002709963 0.45638050719423356 0.4447223394894413
3.7037037037037037 0.3562026420884506 0.4470051284579104 0.4355702490914062
3.753753753753754 0.3516198526944926 0.4384891368173539 0.4267488713811931
3.8038038038038042 0.3465048402770771 0.4307993451227429 0.41842289814249334
3.8538538538538543 0.3411734164903585 0.4241931402666152 0.41039229574268377
3.9039039039039043 0.3356643382732331 0.41785051054548455 0.4027317414364842
3.9539539539539543 0.32821733594326674 0.41164796889784133 0.3955001259503682
4.004004004004004 0.32037127730391995 0.40586393078399147 0.38883696561062536
4.054054054054054 0.31214832952140575 0.4006535411566666 0.38282475314863057
4.104104104104104 0.30438442311624236 0.39630016356571424 0.3772887632920173
4.1541541541541545 0.2976990531934717 0.3923864337784651 0.37231884604399484
4.2042042042042045 0.29164142493150347 0.38893907411494993 0.36767212647084346
4.2542542542542545 0.28581500030372387 0.3855602970512093 0.36333610833050045
4.3043043043043046 0.2807947953694284 0.38231009892700574 0.35940979687097624
4.354354354354355 0.2786924591758705 0.37900294012764923 0.3557616465160329
4.404404404404405 0.27745419737374283 0.3758058290447532 0.3523197204925177
4.454454454454455 0.2768059147640377 0.372217656883477 0.3491040447285981
4.504504504504505 0.2754942146599002 0.3682442363088068 0.3459968329793669
4.554554554554555 0.273844096156054 0.36373026303178824 0.34307380612242083
4.604604604604605 0.27144863535087504 0.35919317072626916 0.34019037035561833
4.654654654654655 0.2681727624770474 0.35527100898384995 0.33736323753273373
4.704704704704705 0.2643597617113785 0.3517190009783515 0.3344318178979481
4.754754754754755 0.2610601145034517 0.34839844232592443 0.33141034118159696
4.804804804804805 0.2575230233918711 0.34557099712930345 0.32826216213600157
4.854854854854855 0.25306575498426326 0.343100195638633 0.3249680568533997
4.904904904904905 0.24902461571945977 0.3406198514101548 0.3214866325090873
4.954954954954955 0.24561262387316168 0.3377303262425115 0.31778738430803544
5.005005005005005 0.24327538865458517 0.33425920224071615 0.3140436256318625
5.055055055055055 0.24180898638624723 0.33066468466013293 0.310166038038728
5.105105105105105 0.2405888696423208 0.3267168499743435 0.306219427267449
5.155155155155155 0.24020186325493265 0.3224941677022318 0.30233385690091225
5.205205205205205 0.24030229584854992 0.3183323088405315 0.2983733048375908
5.255255255255255 0.23966821809188446 0.3138966736447469 0.29437599237014395
5.305305305305305 0.23847385592379935 0.3093877708568463 0.29028990037011854
5.355355355355356 0.2353874207669483 0.3044221074224343 0.28615067303943387
5.405405405405406 0.23019290755460317 0.29872792754595523 0.2819665692133355
5.455455455455456 0.2236786212796796 0.292445575399141 0.27768949061083886
5.505505505505506 0.21650763451556557 0.2860446632187444 0.2732734254820312
5.555555555555556 0.2090459328954846 0.2796486662783885 0.26878891709962965
5.605605605605606 0.201023331775691 0.2732299967082154 0.2642227945690623
5.655655655655656 0.19257360884245814 0.2672194434746607 0.25968127579644246
5.705705705705706 0.185206206318829 0.2616534784189061 0.2551686135087045
5.755755755755756 0.17842404228073505 0.2563173689177737 0.2505889129260696
5.805805805805806 0.173129287493801 0.25097175274337874 0.24606425085143366
5.855855855855856 0.16856156914006667 0.2457274091730202 0.24159732727358715
5.9059059059059065 0.1653243284028885 0.24040504835149368 0.23708942272730965
5.9559559559559565 0.1647311882861694 0.23514669222737733 0.23253090128980958
6.0060060060060065 0.1667286710136182 0.2301222499728958 0.22809375005980723
6.056056056056057 0.1688250416111889 0.22571951957383793 0.22375385340663953
6.106106106106107 0.1713487626598402 0.2214064417948232 0.2195608689715826
6.156156156156157 0.17315052164782443 0.2172573274418611 0.21551956140397815
6.206206206206207 0.17364468390427706 0.21294539294480444 0.21159248145735327
6.256256256256257 0.1735984257448709 0.208900879103764 0.20759662011251803
6.306306306306307 0.17220433870248342 0.20525169372705807 0.20366539195815836
6.356356356356357 0.17062598927620823 0.201613878446565 0.19983253839089382
6.406406406406407 0.16888817986138663 0.19851437856304205 0.195922753344153
6.456456456456457 0.16817959606250427 0.19543142046413647 0.19219334627105158
6.506506506506507 0.16733562439460548 0.19271797354790365 0.18833904913847999
6.556556556556557 0.1657153732053379 0.19043152151899215 0.18457721952365758
6.606606606606607 0.1644242123649473 0.18856798736309408 0.18103830120754552
6.656656656656657 0.16193566151722724 0.18716393135518086 0.17751900144582328
6.706706706706707 0.15855095913560993 0.1861351785080728 0.17420203595819658
6.756756756756757 0.15329807177653432 0.18534101768817288 0.17096267396045806
6.806806806806807 0.14801617563047884 0.18512055815455739 0.1679709548365824
6.856856856856857 0.14160774669820575 0.1850092144073976 0.16512758616412776
6.906906906906907 0.13653218078087684 0.18464870854390403 0.16254966603316917
6.956956956956957 0.13214092025026133 0.18386820651746097 0.16026896499876794
7.007007007007007 0.12929708156349112 0.18286667365044793 0.15813593818870206
7.057057057057057 0.12724797994441914 0.18142963281457355 0.15593447682307493
7.107107107107107 0.12676187181705095 0.18014992733032692 0.1536732720445902
7.157157157157157 0.12661800330648987 0.1789467655703531 0.15156857048122646
7.207207207207207 0.1276074532179222 0.177487903704798 0.14944349676174362
7.257257257257257 0.12969872614551053 0.17558003567784286 0.14733614079819657
7.307307307307307 0.13190470280736175 0.17312179304680525 0.14520328865633184
7.357357357357357 0.13481632065612445 0.17019373563807674 0.1430480652474648
7.407407407407407 0.1385091553938945 0.16701926829351516 0.1409340505888575
7.4574574574574575 0.14260981002519424 0.16384650987509838 0.13894835710335035
7.507507507507508 0.14566026530434326 0.1612158111261179 0.13694786397841477
7.557557557557558 0.14646810954138828 0.1590541888439234 0.13498499501079383
7.6076076076076085 0.1466313055852894 0.15707374203066937 0.13305079841665107
7.6576576576576585 0.14629218851682635 0.1549318006899004 0.13122461959713952
7.7077077077077085 0.14596036450918404 0.15227575585027664 0.12952138696955756
7.7577577577577586 0.14378778978622742 0.14927455265139827 0.1278553287533462
7.807807807807809 0.14020549979435334 0.14640790567038914 0.12629611511805353
7.857857857857859 0.13502634312010123 0.14367696271108088 0.12489526001605802
7.907907907907909 0.12819728737249764 0.14069438409145385 0.12363744478690238
7.957957957957959 0.12057446245564563 0.1380696519395599 0.12222199093550545
8.008008008008009 0.11471302461013426 0.13536403008660905 0.12079747580770604
8.058058058058059 0.10866752112978308 0.13261244248678167 0.11939719861242233
8.108108108108109 0.10326942135407621 0.12988059068153185 0.11782342973502721
8.158158158158159 0.0994426484184574 0.1271474623788114 0.11600101290983253
8.208208208208209 0.09591996026282328 0.12468634708346504 0.11403513011917807
8.258258258258259 0.09101988752773417 0.12261026507385053 0.11214676578769109
8.308308308308309 0.08627403458107107 0.12018813110486033 0.11030326204173661
8.358358358358359 0.08258668890022772 0.11749700473969185 0.1085863044394206
8.408408408408409 0.07897024859676685 0.11493913657610941 0.10692305193695285
8.458458458458459 0.07649014581623804 0.11222809673970903 0.10518538066886908
8.508508508508509 0.07432220044704413 0.10927229380734522 0.10346147876719244
8.558558558558559 0.07330188955742035 0.10638913866419798 0.10173535808874766
8.608608608608609 0.07317514299143996 0.10356215209175076 0.09990746393873604
8.65865865865866 0.07258040233117387 0.10112061216609186 0.09791443538330373
8.70870870870871 0.07156233225398216 0.09912076537245358 0.09585345718953442
8.75875875875876 0.07087083128991582 0.0975474902828495 0.09375793289635968
8.80880880880881 0.07163215814984365 0.0960294679350279 0.09172193470418019
8.85885885885886 0.07242629322218344 0.09477466342241528 0.08977335005344675
8.90890890890891 0.07522923492070953 0.09359753587771513 0.08781027900979602
8.95895895895896 0.07996689137410594 0.09247873533628982 0.0857548920042337
9.00900900900901 0.08411465561564825 0.09085578783992046 0.08371083258383642
9.05905905905906 0.08961547816792556 0.08892247127858775 0.08158159619300387
9.10910910910911 0.0950601422551084 0.08649704664237134 0.07951057065751409
9.15915915915916 0.10034650444733804 0.08356183339454645 0.07762759907346206
9.20920920920921 0.10520339186100774 0.08066101229167871 0.0758651964711382
9.25925925925926 0.11048997508724391 0.07781727691165902 0.07431460945657287
9.30930930930931 0.11606871384796502 0.07529066343371409 0.07302600392038003
9.35935935935936 0.12215721931844488 0.07332197460223613 0.07174216386250822
9.40940940940941 0.12724043833749807 0.07113927038943658 0.07041281997713636
9.45945945945946 0.130714980072077 0.06921386569613934 0.0689979775336589
9.50950950950951 0.13212358101757946 0.0674449321150436 0.06754997706580645
9.55955955955956 0.1321709018178281 0.06560027208930745 0.06616281754272178
9.60960960960961 0.13092073067084598 0.06379034333865503 0.06489800192239122
9.65965965965966 0.12966223256911819 0.061765867671598314 0.06370264871354542
9.70970970970971 0.1293745086825838 0.05946065015871989 0.0626582629723985
9.75975975975976 0.1274736591418138 0.05740245094942758 0.06167269812663119
9.80980980980981 0.126000091832007 0.05544100888684381 0.06071823080684683
9.85985985985986 0.1238246387632564 0.053273013040896315 0.05977041754549866
9.90990990990991 0.12063518014673459 0.05083580540010302 0.058801088371744456
9.95995995995996 0.11673802091232194 0.04888513355304785 0.057974127390074924
10.01001001001001 0.11232418850850337 0.04747716819402938 0.05714083257808465
10.06006006006006 0.10632555331526632 0.04611780347003615 0.05623795658872984
10.11011011011011 0.10148999432243495 0.04502575722005248 0.055248756810169684
10.16016016016016 0.09687125845621296 0.04371820139341234 0.05423392009534646
10.21021021021021 0.09235877688061751 0.0429576349948514 0.05327357053879939
10.26026026026026 0.08805588028940953 0.04291433345516957 0.05231455336302645
10.31031031031031 0.0838679550853805 0.042691084945317044 0.05144828745014545
10.36036036036036 0.08051743745603013 0.04200649250439561 0.05057826444599198
10.41041041041041 0.07785992512259371 0.041411012072101655 0.04970818656064625
10.46046046046046 0.07657398805809482 0.040713000879259165 0.04867443227620033
10.51051051051051 0.07697018122775408 0.040032637818292346 0.04754859200826152
10.56056056056056 0.07886331833663608 0.039274305509891846 0.04644515509419423
10.61061061061061 0.079864407579181 0.03844146144319764 0.045401475286014965
10.66066066066066 0.0809145748484905 0.037490102846650886 0.04449238653886142
10.710710710710712 0.08185878895669511 0.036625144718861045 0.04368424072071094
10.760760760760762 0.08137294594473406 0.03514822592179805 0.04314420335339154
10.810810810810812 0.08018595824442049 0.03310215830856275 0.04273238560226849
10.860860860860862 0.077513129886067 0.031071477796230734 0.042360154312283536
10.910910910910912 0.07452216951472324 0.029086978388180976 0.04212414128196866
10.960960960960962 0.07047599170979167 0.027152274391083295 0.042011159603874214
11.011011011011012 0.06600003339504815 0.02513308834704646 0.04189799326265737
11.061061061061062 0.0611904951244989 0.02299580119236092 0.0417308712190122
11.111111111111112 0.0564010864698657 0.020715688860883666 0.04168256406708127
11.161161161161163 0.05125221387806837 0.018254444733050875 0.04172442052513773
11.211211211211213 0.04521255745165629 0.015301231157182031 0.04174928017649855
11.261261261261263 0.03864930993990903 0.012244210650599193 0.04162658615714574
11.311311311311313 0.03183540639880391 0.008918813833561148 0.04142814106523639
11.361361361361363 0.024890584027810584 0.0052578955220161224 0.04127862751963538
11.411411411411413 0.01848699976509888 0.0018611921112658453 0.0410874913227596
11.461461461461463 0.011491938575564528 -0.0014867356589693985 0.040859167243398414
11.511511511511513 0.005554529138854125 -0.004503787301116668 0.040502757528448674
11.561561561561563 0.000628295256581719 -0.00744012704370191 0.039995267180143866
11.611611611611613 -0.004188275182449601 -0.009878564281341679 0.039417530978041314
11.661661661661663 -0.008884561298424848 -0.012369239112902353 0.038725815216195066
11.711711711711713 -0.013599053184774234 -0.015150657214149753 0.03790720027549817
11.761761761761763 -0.018874220263772053 -0.017655391076851497 0.03715803856397157
11.811811811811813 -0.024959349263176465 -0.01985601791537404 0.036483136161348254
11.861861861861863 -0.031265056386999286 -0.02148271509019632 0.035896995478210354
11.911911911911913 -0.03718757376881578 -0.022327400319734302 0.035415076829641644
11.961961961961963 -0.04376721764880971 -0.022233106549580172 0.03507637104871773
12.012012012012013 -0.049548432402127765 -0.021735327251935787 0.03473736651864008
12.062062062062063 -0.054189242590749004 -0.020634412929253537 0.03438231781495558
12.112112112112113 -0.059005288382715425 -0.018901646409258697 0.033980929486569764
12.162162162162163 -0.0641840947660525 -0.016679355004937647 0.03342004956967345
12.212212212212213 -0.06873169657405236 -0.014362773953967964 0.03282284779333643
12.262262262262263 -0.07189433812056922 -0.011980122063095401 0.03220216564217348
12.312312312312313 -0.07585969504583767 -0.009656980675527432 0.0314444893457787
12.362362362362363 -0.08009004585814662 -0.007075190399118836 0.03068786118073249
12.412412412412413 -0.08368730157004199 -0.004469794956307452 0.030013200720316074
12.462462462462463 -0.0858037279661437 -0.001964804888570667 0.029202943948701335
12.512512512512513 -0.08867078271159823 -0.00013729695396853003 0.02842273649814839
12.562562562562563 -0.09064190817658363 0.0008272106224893685 0.02764030511945185
12.612612612612613 -0.09149021429430547 0.001939975869958362 0.02686420285586625
12.662662662662663 -0.09008726894542647 0.0028619061102884515 0.026043316458951977
12.712712712712714 -0.0863473478732645 0.0037850860007602387 0.025129016169631854
12.762762762762764 -0.0833304072893753 0.004837316359289395 0.02417972450283637
12.812812812812814 -0.08177079238654265 0.00597956315252657 0.023320191321034137
12.862862862862864 -0.07989039416506558 0.0067196477381084654 0.022468381473923504
12.912912912912914 -0.078489960652953 0.007367758915660835 0.02165247289705852
12.962962962962964 -0.07770735387736483 0.008150771297394756 0.020951765446116818
13.013013013013014 -0.07710613931208617 0.009409979326490129 0.020310533688187995
13.063063063063064 -0.07496809173964913 0.011204831740848811 0.019754829102858803
13.113113113113114 -0.07447563477973412 0.013425685471669464 0.01933025735288331
13.163163163163164 -0.0749258134202528 0.015363799971260595 0.018899996462811264
13.213213213213214 -0.07599062030517809 0.016905428586905667 0.018524173547010237
13.263263263263264 -0.07634335673967167 0.018619663657729858 0.018222301203548237
13.313313313313314 -0.07642086646244203 0.0199133398529661 0.01793068283043524
13.363363363363364 -0.07641454914056502 0.02135331145347834 0.01766592933454524
13.413413413413414 -0.07689668150644803 0.022753115366868044 0.017394663492874763
13.463463463463464 -0.07705071523183485 0.02378108814583858 0.01711383593519922
13.513513513513514 -0.07740263604930575 0.024654235285875247 0.016805610797465873
13.563563563563564 -0.07820418066493566 0.025162167086618958 0.01666170618943017
13.613613613613614 -0.07845351030472399 0.025953163829798447 0.01656596028686557
13.663663663663664 -0.07805476347964055 0.02670394581280759 0.016404552928760693
13.713713713713714 -0.07624692391496414 0.027302494981680806 0.016213030404271366
13.763763763763764 -0.07428508636195139 0.027419962580981457 0.016162947320387883
13.813813813813814 -0.07193624322104777 0.026897802387150428 0.016087118751841066
13.863863863863864 -0.06854271366225034 0.026018965450703556 0.016092773326054112
13.913913913913914 -0.06368983741484636 0.024557264392623592 0.016064609207236444
13.963963963963964 -0.05878543759913697 0.023381286460218063 0.016099707332047773
14.014014014014014 -0.053928786370043606 0.02222371892830901 0.01621731285915054
14.064064064064064 -0.04989182565785465 0.02064046594374201 0.01636979746009517
14.114114114114114 -0.04668227543481669 0.019299422331357716 0.016323310566369327
14.164164164164164 -0.04412030278760173 0.018149408617697742 0.016130962822185044
14.214214214214214 -0.0410884314699162 0.017070283479498866 0.015746458991441004
14.264264264264265 -0.03849573331740745 0.01637325692992599 0.015269165065850444
14.314314314314315 -0.03564566197982114 0.015899132305788214 0.014654923521343793
14.364364364364365 -0.03185641840927764 0.015690329672257763 0.014025570405044405
14.414414414414415 -0.026629655853233968 0.01571499825861247 0.0134043760685524
14.464464464464465 -0.020552867464205916 0.01571355201760176 0.012779873096210202
14.514514514514515 -0.011307713093053078 0.016194572718229633 0.01225734414315989
14.564564564564565 -0.0006466785465405956 0.01685493027335567 0.011909990189366733
14.614614614614615 0.009791917959537662 0.017538410573584396 0.011636080920793782
14.664664664664665 0.0196633401242432 0.018148636825927454 0.011377119311360522
14.714714714714715 0.0285152444189512 0.018902600015904287 0.011268010196651116
14.764764764764765 0.03527818060194388 0.019010810635938884 0.011193096429452086
14.814814814814815 0.040253450972582004 0.019263034894726333 0.011139374496970432
14.864864864864865 0.04333386563886659 0.01924408729415471 0.011175896237791026
14.914914914914915 0.044837446063345 0.018607455245823346 0.011245604181043698
14.964964964964967 0.04359382590022599 0.017757831924737025 0.011366799738334394
15.015015015015017 0.04197547651892673 0.01640913048110403 0.011381664961268462
15.065065065065067 0.04153697543038591 0.014787254424679258 0.011413175872140276
15.115115115115117 0.04084630438167304 0.012485251243843386 0.011335350119911566
15.165165165165167 0.039683010846367245 0.01058640687089482 0.011406961362548804
15.215215215215217 0.036423979858035124 0.008703589398942778 0.011323569506659924
15.265265265265267 0.03294952895500851 0.006951679508586456 0.011088048717672298
15.315315315315317 0.029028293804825963 0.005602967113196963 0.010696856416984006
15.365365365365367 0.025024507897652627 0.0044295219634932935 0.01029030799370911
15.415415415415417 0.021400055935313186 0.0034868713323412707 0.009953743066837729
15.465465465465467 0.017199313068835487 0.0026525017986618184 0.00949920034415447
15.515515515515517 0.01297011498298172 0.001972152327245797 0.009049860401611409
15.565565565565567 0.009280393867893144 0.0018158009086014068 0.008643627965429165
15.615615615615617 0.005765409253038776 0.0020743153913477296 0.008232429344054945
15.665665665665667 0.002335714000361131 0.0021196989645664113 0.007720722942912953
15.715715715715717 0.0002067388058035391 0.001810086662692929 0.0073157614382367625
15.765765765765767 -0.0007926808623187043 0.0015778671327080528 0.007018901792563452
15.815815815815817 -0.0015965339394557532 0.0009340198199760375 0.006642327309912632
15.865865865865867 -0.0014640112167420315 0.0002979571708059972 0.006212022989564096
15.915915915915917 -0.0021427674199957637 -0.0004378004346921962 0.005836245461940906
15.965965965965967 -0.0023886811254131856 -0.0011196112279567006 0.005401452965686162
16.016016016016017 -0.002843808593020993 -0.001530411534105493 0.004929625044096601
16.066066066066067 -0.0030555143990139387 -0.0019558384529021274 0.0044759758274687655
16.116116116116117 -0.0030376626367421 -0.002243990492871955 0.004078100409226559
16.166166166166168 -0.0025859723408734768 -0.0018705453151938705 0.003691352673942785
16.216216216216218 -0.0015429801671238597 -0.0016483366949759674 0.0032855601606430283
16.266266266266268 -0.0005373695663376488 -0.0014563401129121338 0.002976618125407353
16.316316316316318 0.0020208818080960267 -0.0012024675341208689 0.002679245934187215
16.366366366366368 0.0068625067444791155 -0.0007995838125688089 0.0023268263598569846
16.416416416416418 0.012551813083812346 -0.00029481613198736146 0.002020917950543377
16.466466466466468 0.017760949419359517 0.0007369737608034743 0.0017873400874650843
16.516516516516518 0.022256915216132964 0.0013071332417905995 0.0015201755210207729
16.566566566566568 0.025798408196564104 0.0019504483759341085 0.0013085250690394066
16.616616616616618 0.028423769612725233 0.00256455144321691 0.0011720017240926623
16.666666666666668 0.02933640122103723 0.00329946503831083 0.001117604358687819
16.716716716716718 0.028094881672381913 0.0041738370509349695 0.0011221483559662772
16.766766766766768 0.024675067255516946 0.004829820775628397 0.0013004572250082795
16.816816816816818 0.021697236285830562 0.0054734067935454465 0.0014331499034239005
16.866866866866868 0.019689384159297857 0.006558898883134825 0.0016459161971479556
16.916916916916918 0.019328886144607312 0.007701836306570126 0.0019273057867173332
16.966966966966968 0.019763291185131954 0.009145126905593872 0.0021997178211822775
17.017017017017018 0.02072151147014891 0.010502424127812422 0.002492108959604204
17.067067067067068 0.022769581719150604 0.01169990953151559 0.0027433259730758673
17.117117117117118 0.027217011250007257 0.01260620012480243 0.0030014850423161184
17.167167167167168 0.03226398750627471 0.013658585415389049 0.003361652692494148
17.217217217217218 0.0375676912545896 0.014257893992146458 0.0036900416753986773
17.26726726726727 0.04300207261916281 0.014412561498474313 0.004093026893413211
17.31731731731732 0.048225324279550216 0.014027054914119652 0.004590843605586649
17.36736736736737 0.05384124369840297 0.013599369488109579 0.005066043845529705
17.41741741741742 0.05891245674439463 0.013030249768121144 0.005631856356685076
17.46746746746747 0.06314149222366122 0.012721498210599182 0.006194291836948555
17.51751751751752 0.06725009787906937 0.012247167610933609 0.006812382312806483
17.56756756756757 0.07123621463506215 0.01165641450385228 0.007258908133282237
17.61761761761762 0.07517527181629728 0.010852393123096655 0.007691007952584053
17.66766766766767 0.07973696714483185 0.009824890945767701 0.008099462473647793
17.71771771771772 0.08320139342199635 0.0084061798890403 0.008475733561431418
17.76776776776777 0.08643849030517461 0.007155289973761029 0.008735671363511228
17.81781781781782 0.08923177982383358 0.005923852960811153 0.008935001961708098
17.86786786786787 0.09218925981494029 0.004940216747461604 0.008985423518239097
17.91791791791792 0.0942200410102802 0.004243168988509353 0.008762679539336819
17.96796796796797 0.09590054774225591 0.003604394799880926 0.008438802473923552
18.01801801801802 0.09688289675559116 0.0034747580156900995 0.008081509674873012
18.06806806806807 0.0979041791539968 0.003849508563195971 0.00766087112570969
18.11811811811812 0.09733870101520106 0.004234514456751129 0.00714954623023973
18.16816816816817 0.0955210606938668 0.0048670940606176495 0.006726558068125345
18.21821821821822 0.09429201191184179 0.005283472979428012 0.006396544784662864
18.26826826826827 0.09222074536986867 0.005741860046306764 0.006136538347614829
18.31831831831832 0.08949810346276328 0.006212023701068505 0.006049997831659979
18.36836836836837 0.0860457642362582 0.006654864669811753 0.005984760757653771
18.41841841841842 0.08278761580122096 0.0063371767694006395 0.005870277282036204
18.46846846846847 0.07945890698277122 0.005761896519649843 0.005839870209625994
18.51851851851852 0.07826605062238964 0.005108856766953764 0.005780581546398421
18.56856856856857 0.07751983282097698 0.004273760367499754 0.005734331862739929
18.61861861861862 0.07722542460658224 0.0034739273803856747 0.00567623662238375
18.66866866866867 0.07802852347334109 0.0027528535027207647 0.005527989179564311
18.71871871871872 0.07865327130006589 0.0019474124721255439 0.0052255068967439556
18.76876876876877 0.08000155462990993 0.0009636106756050503 0.004723774368334991
18.81881881881882 0.08061292477025514 -0.0004016821720084103 0.004122829718610326
18.86886886886887 0.08087637206387129 -0.0017462355487226128 0.003471716828618896
18.91891891891892 0.0804842827263479 -0.003541299154772442 0.0027563039392718112
18.96896896896897 0.079263117849669 -0.005135656882242142 0.0018871051437826278
19.01901901901902 0.07806759868615444 -0.0070733975929756845 0.0008932856500520177
19.06906906906907 0.07675680704267242 -0.009334495103665076 -4.014887299915166e-05
19.11911911911912 0.07502600312159932 -0.012034635234207596 -0.0009035775852372264
19.16916916916917 0.07324875683036249 -0.015066161576648448 -0.0017562784380618084
19.21921921921922 0.07215531024680846 -0.017985306972906113 -0.002595189055331771
19.26926926926927 0.07065219710325228 -0.020616564135282144 -0.0034418257836307227
19.31931931931932 0.06865792875056188 -0.023307145159039786 -0.004308871730810001
19.36936936936937 0.06782345199560579 -0.025716687082119556 -0.00504576660178371
19.41941941941942 0.06806204657992429 -0.02783293690712231 -0.005991534854443667
19.46946946946947 0.06815706796141932 -0.029590631830955852 -0.007222642559776264
19.51951951951952 0.06840015477185148 -0.03133297772113508 -0.008658569049007617
19.56956956956957 0.06891986475422776 -0.03286071964267982 -0.010072001592279228
19.61961961961962 0.06983860325355745 -0.03466319218165455 -0.011362916255623787
19.66966966966967 0.07266750496239707 -0.036296467565438036 -0.01257810936336265
19.71971971971972 0.07745282719199506 -0.03744718415829323 -0.013544282571388453
19.76976976976977 0.08317514729815473 -0.03793430521417768 -0.014401483453332073
19.81981981981982 0.08898490436017377 -0.03779102966656517 -0.015174411288908249
19.86986986986987 0.09423778097015656 -0.036943854986064235 -0.01572613989714105
19.91991991991992 0.09958760854788999 -0.0356451560308277 -0.01606203972790598
19.96996996996997 0.10433943982857181 -0.03373052116983672 -0.016351967996085206
20.02002002002002 0.10693915216499943 -0.03166243425815457 -0.016563495544504394
20.07007007007007 0.10730015739732657 -0.029304879993123378 -0.016696163887691497
20.12012012012012 0.10628346465531699 -0.026306802392562514 -0.016758969359673748
20.17017017017017 0.10579202024987175 -0.022984303548246182 -0.0167380753691696
20.22022022022022 0.10592478608557468 -0.019497666359410096 -0.016698885909700898
20.27027027027027 0.10720548596229301 -0.016051373080672972 -0.01662922034573848
20.32032032032032 0.1082457396906414 -0.01248340114109449 -0.01657274348522742
20.37037037037037 0.10894257400680882 -0.009095662839575396 -0.016565885152111878
20.42042042042042 0.11053719228690687 -0.005741054256946775 -0.01650907936674539
20.47047047047047 0.11278323233862314 -0.002715804313027153 -0.016364933951603194
20.52052052052052 0.11395112533157507 -0.00015851871169913424 -0.016247750136751143
20.57057057057057 0.11610770857464249 0.0016182133214507034 -0.016130868762381068
20.62062062062062 0.11930737827833361 0.002970649563480734 -0.01604535486008306
20.67067067067067 0.12316342206783044 0.003640470384479823 -0.01589587669886186
20.72072072072072 0.12638889041634876 0.004095745172286236 -0.01566894880539666
20.77077077077077 0.13006456384523188 0.0043013162452383465 -0.015519604435756404
20.82082082082082 0.13378668702604815 0.004314531873242133 -0.015524212312688872
20.87087087087087 0.1371166081085535 0.004030832968923743 -0.015574607894646271
20.92092092092092 0.13931667015239035 0.0035850938820445057 -0.015574295532751734
20.97097097097097 0.13992022536320725 0.0032674117047079283 -0.01565519385688255
21.02102102102102 0.1394277105721061 0.0028064772352489947 -0.01577658221542355
21.07107107107107 0.13853628305972854 0.0025686177664931745 -0.01600017447949161
21.12112112112112 0.13742443099272925 0.002079931167352534 -0.016199910966367536
21.17117117117117 0.1360779342491411 0.0018222544309727802 -0.016486795624219303
21.22122122122122 0.13459068577098582 0.0019932547859202216 -0.016713408927682475
21.27127127127127 0.1324536192056615 0.0026407102867260866 -0.016800782919895375
21.32132132132132 0.12886565561124633 0.004085508728154366 -0.016859648717917265
21.371371371371374 0.12500573797814307 0.0061744722712372 -0.01691566201380822
21.421421421421424 0.12299000953533 0.00796121500897955 -0.016965649884348805
21.471471471471475 0.12273444894964997 0.009714667549420176 -0.0170130534451232
21.521521521521525 0.12434944368008927 0.01144375584757161 -0.016884726819353157
21.571571571571575 0.12701394419714743 0.013496756338644328 -0.016665125726186118
21.621621621621625 0.13017004081335465 0.0148355827460778 -0.016553648869913215
21.671671671671675 0.13515019092560177 0.01565950495812001 -0.016278512218558666
21.721721721721725 0.14031243967948356 0.016273554341907946 -0.015898181716552853
21.771771771771775 0.14592058352013598 0.016374882238190655 -0.015210785943620337
21.821821821821825 0.15113094086027443 0.016017663228635425 -0.014533887803489546
21.871871871871875 0.15596298356569982 0.015811471719779174 -0.013928857063379348
21.921921921921925 0.1600347623506041 0.015720226721422235 -0.01329371520249085
21.971971971971975 0.16429269729713689 0.015068609529816467 -0.012603203179501594
22.022022022022025 0.1687434822803666 0.014548320588750602 -0.011955701135902675
22.072072072072075 0.17130550136755596 0.014027598346916779 -0.011294126772687143
22.122122122122125 0.1743978016049473 0.013341368144481445 -0.010682191697896555
22.172172172172175 0.17655391083489977 0.012320741185206366 -0.010145216595876852
22.222222222222225 0.18034157441965565 0.010778211548106955 -0.009616331428299485
22.272272272272275 0.1850685203880611 0.00888860270185673 -0.009118579775332779
22.322322322322325 0.19083882980962089 0.0069686063130889354 -0.008869603792322522
22.372372372372375 0.19759153541786553 0.005128051042618374 -0.0088143858820157
22.422422422422425 0.20474401106415827 0.003056562329564928 -0.008851167599969652
22.472472472472475 0.21160023460928862 0.0013430625023499035 -0.008970629114384936
22.522522522522525 0.21714469026115438 -0.000320739094246548 -0.009226528399101826
22.572572572572575 0.220858970393505 -0.0016279790966759978 -0.00958828490829828
22.622622622622625 0.2237636577362963 -0.0027898328981156525 -0.010074955728024087
22.672672672672675 0.22594491281176132 -0.0036510750952732673 -0.010503623583260388
22.722722722722725 0.2275935290153452 -0.004227952003636485 -0.01077678791314157
22.772772772772775 0.22913624953929662 -0.004520553605174067 -0.010875733379709873
22.822822822822825 0.23100663642845376 -0.004660049505868175 -0.010869596278021717
22.872872872872875 0.23278953026855656 -0.004568049571026966 -0.01091717814537295
22.922922922922925 0.235116954006823 -0.004272433904755743 -0.011037770055007919
22.972972972972975 0.23645180128225307 -0.004048571705426873 -0.011343570034142573
23.023023023023026 0.23739695942588476 -0.0036523323117696334 -0.011625539144807507
23.073073073073076 0.23734438757401238 -0.003060242467439311 -0.01187313104847908
23.123123123123126 0.2353356226756106 -0.0025850171626978185 -0.012065415815204214
23.173173173173176 0.23281128371584667 -0.0020618942143055463 -0.012279376626131551
23.223223223223226 0.22970741990708185 -0.0019140886421552814 -0.012559881785576484
23.273273273273276 0.22516036663596814 -0.001931753018718016 -0.012882935420381532
23.323323323323326 0.22103927098900072 -0.002206725544578443 -0.013142709978052796
23.373373373373376 0.21681699468973803 -0.0026265012087375544 -0.01324805526022729
23.423423423423426 0.21222894263997913 -0.002542556763707898 -0.013283184256735041
23.473473473473476 0.2068539746294128 -0.00233091317567202 -0.013237434297487726
23.523523523523526 0.2011447189435055 -0.001974645293880453 -0.013080368715357497
23.573573573573576 0.19452411703143432 -0.001153370260860811 -0.012994809599852985
23.623623623623626 0.186568182222212 -0.0004247015324203467 -0.012863174399247604
23.673673673673676 0.17774747263471902 0.0005273186896305262 -0.01266752054945717
23.723723723723726 0.17007125620849514 0.0014215971176662788 -0.012323922267950805
23.773773773773776 0.16418118279484312 0.0019811479935053847 -0.011994957784650987
23.823823823823826 0.15913865541686031 0.002128028546400804 -0.01173861273006833
23.873873873873876 0.15513481528716302 0.0018422567117052928 -0.011471101393613606
23.923923923923926 0.1520310376944779 0.0013547331158313654 -0.011339003730312536
23.973973973973976 0.1490675073815086 0.0005355620788081587 -0.011288141580647263
24.024024024024026 0.14463162015453412 -0.00025407396459494255 -0.011290504168621473
24.074074074074076 0.14034649047850162 -0.0007650486401029273 -0.011333450830533595
24.124124124124126 0.13634782017330457 -0.0004716652758072666 -0.011515131183452994
24.174174174174176 0.13079652547037196 8.20907043653154e-05 -0.011765533586397457
24.224224224224226 0.12487998546932289 0.0004930077708083083 -0.011959159334831913
24.274274274274276 0.1191649041795288 0.0009907749054802863 -0.012198540606133236
24.324324324324326 0.11300680469287486 0.0018854593949424192 -0.012446038610441253
24.374374374374376 0.10764038254575548 0.002858568054192272 -0.01279523657891578
24.424424424424426 0.10334972763903362 0.004135664585827973 -0.013301899412040965
24.474474474474476 0.09854044051657494 0.005391835159652405 -0.01383166279854791
24.524524524524526 0.09412490167809832 0.0064288274959446255 -0.014381036295452038
24.574574574574577 0.08887752465214993 0.007208144063724305 -0.014977246544108562
24.624624624624627 0.08107427451758539 0.007930976507073065 -0.015609500805393327
24.674674674674677 0.07467949299218356 0.00866183107824407 -0.016237537216678425
24.724724724724727 0.06973832060008778 0.009752895563538208 -0.016806476145749934
24.774774774774777 0.06655625014110425 0.010788614085835585 -0.017331099174319894
24.824824824824827 0.06442410227162755 0.011988985523635667 -0.017839307879572778
24.874874874874877 0.06427477916274228 0.013052494137964974 -0.018255664090610718
24.924924924924927 0.06565442832563902 0.013684435799967521 -0.018658978795752273
24.974974974974977 0.06785488323804001 0.013980017036040196 -0.01909119940200918
25.025025025025027 0.07052557628483506 0.01442549183218659 -0.01954233730528071
25.075075075075077 0.07357873898538549 0.01503587990015081 -0.020066871383324004
25.125125125125127 0.07821314812524316 0.015547039137293618 -0.02067450759173108
25.175175175175177 0.08406989610508553 0.016430944082569534 -0.021322278319194914
25.225225225225227 0.09013328489644244 0.01761231156557884 -0.0219589411902429
25.275275275275277 0.0965557031239869 0.01921361018000044 -0.022435373853335522
25.325325325325327 0.1013941540450362 0.0206687448790774 -0.02283444655845993
25.375375375375377 0.10638804847971384 0.02161884229719546 -0.023162366631689548
25.425425425425427 0.11257739953826659 0.02291623994292238 -0.02356158356344998
25.475475475475477 0.11904082664189372 0.024202633554512593 -0.023970436664788555
25.525525525525527 0.12597896523207516 0.025189785281195465 -0.02437742768394676
25.575575575575577 0.1339482685748203 0.025667667112635878 -0.024780498558568804
25.625625625625627 0.14195648470527691 0.025903249979260464 -0.025158480025089757
25.675675675675677 0.1495836658414608 0.02589459692609091 -0.025530033787505027
25.725725725725727 0.15520888886314865 0.025294628778542723 -0.025879091017191706
25.775775775775777 0.15974672610626786 0.024557773818274054 -0.026310382562894773
25.825825825825827 0.16431193325194202 0.023723991602814055 -0.02669027059149489
25.875875875875877 0.16911302604863807 0.022160094648500408 -0.02688911243161474
25.925925925925927 0.17224329160270377 0.020576597332990068 -0.026980526515166435
25.975975975975977 0.17347765026959386 0.019121058478915424 -0.027073629690926162
26.026026026026027 0.1746012402356521 0.01778254901968837 -0.02717037052504937
26.076076076076077 0.17475073528891713 0.016671743908985695 -0.02722254090935072
26.126126126126128 0.17345023793611491 0.01573783945525579 -0.02725609323803764
26.176176176176178 0.17029239855688985 0.014895811115991532 -0.027198373025901595
26.226226226226228 0.16652419511829014 0.014011561918308948 -0.026965581187385516
26.276276276276278 0.16287270655135033 0.013460740700845665 -0.026650131540209253
26.326326326326328 0.1596445378117436 0.01278476344541588 -0.02620894687639037
26.376376376376378 0.15629537704568774 0.011876134719495876 -0.02564617392604605
26.426426426426428 0.15193216307591859 0.01026261373045513 -0.025136648692050456
26.476476476476478 0.14646352337277702 0.008232573484522764 -0.02468833444997695
26.526526526526528 0.1414591956845363 0.005902641750344468 -0.02436375737474686
26.576576576576578 0.1360686816461569 0.003401348815049541 -0.02417638544183207
26.626626626626628 0.12985014629268918 0.0008401221117814757 -0.023952581354585077
26.676676676676678 0.12303214851948602 -0.00143405952693813 -0.023693430349745387
26.726726726726728 0.11611287537359873 -0.0030495305462173803 -0.023417902033526707
26.776776776776778 0.10802684232813327 -0.004288531984873925 -0.023095839703622802
26.826826826826828 0.09946290200489508 -0.00479187026721125 -0.022873801765849806
26.876876876876878 0.09192556226815857 -0.005005659591722042 -0.022648244563672076
26.926926926926928 0.08459112394103711 -0.004876188386261017 -0.0225892052264336
26.976976976976978 0.07774206226164077 -0.004659057474865938 -0.022674255621589066
27.027027027027028 0.0719346111707801 -0.004089244324058905 -0.022718693997255103
27.077077077077078 0.06631628405446721 -0.0031945789046131665 -0.022566658735309993
27.127127127127128 0.06038656766687506 -0.002521470040292227 -0.0224572626161719
27.177177177177178 0.05444114021707692 -0.00205873679962977 -0.02220431253012352
27.227227227227228 0.04868992265136031 -0.0011166734954567127 -0.021814115880505795
27.27727727727728 0.044205587869321675 -0.0002655710860455738 -0.02154317845287257
27.32732732732733 0.04174999394724834 -2.5298388583788523e-05 -0.0213257367312832
27.37737737737738 0.039879380998232725 -0.0004257806671672295 -0.020997208512800274
27.42742742742743 0.040089666132371596 -0.001556176011374177 -0.02070086841423831
27.47747747747748 0.040511729412562356 -0.0030707674907184705 -0.02031789550100568
27.52752752752753 0.04234969726855407 -0.004834440440276209 -0.01989845501429227
27.57757757757758 0.04438459308773541 -0.007055193303982701 -0.019509234576995646
27.62762762762763 0.04726844671586537 -0.009106037113372942 -0.019193602276085055
27.67767767767768 0.050196879031055325 -0.010948045183417287 -0.018883141754626725
27.72772772772773 0.051781142913894504 -0.012463766836267778 -0.018586899089600182
27.77777777777778 0.053040085864008685 -0.014080199547124072 -0.018159293961786706
27.82782782782783 0.05465978148000339 -0.01544274948416508 -0.017671525191609264
27.87787787787788 0.05700935380123909 -0.01695108313587133 -0.017178774208619005
27.92792792792793 0.05985660343659207 -0.01816675062737715 -0.016654097644229923
27.97797797797798 0.062421313298574456 -0.018709843657161947 -0.016226661049341555
28.02802802802803 0.06580922527317198 -0.019171946888933335 -0.015859627066047387
28.07807807807808 0.06982137071340819 -0.019462522006344 -0.015437547927327567
28.12812812812813 0.0734268112100667 -0.019281812958338473 -0.015184958415503224
28.17817817817818 0.07679751402661994 -0.019006983760822004 -0.01522746912800381
28.22822822822823 0.07978767352739262 -0.01824824125293788 -0.015459402244521397
28.27827827827828 0.08343459154412906 -0.01772523074899937 -0.01591351508421119
28.32832832832833 0.0875475242891027 -0.016718362285702046 -0.016343537574911134
28.37837837837838 0.09198842384929136 -0.01542481204521236 -0.016852118811168208
28.42842842842843 0.09650100042583931 -0.014715855407021371 -0.017383746584718477
28.47847847847848 0.10067743278437075 -0.014580965972805423 -0.017898814305042508
28.52852852852853 0.10454902123104011 -0.014463516771773237 -0.018361275811377704
28.57857857857858 0.1086816253052746 -0.01405542866271754 -0.018743683255997217
28.62862862862863 0.1131126903016162 -0.013706126989433048 -0.018925351807411957
28.67867867867868 0.11733114736322971 -0.013201422763370992 -0.01900160193451302
28.72872872872873 0.12034345690053914 -0.012808884489477593 -0.01883325311354215
28.77877877877878 0.12277601620563139 -0.012886138381381987 -0.01855682307488725
28.82882882882883 0.12430745894179317 -0.01294889017345297 -0.01822913587697217
28.87887887887888 0.12522835742273736 -0.013137592234304392 -0.01789706323098442
28.92892892892893 0.12538417187173267 -0.013523331955878758 -0.017692621459884973
28.97897897897898 0.12456219544603445 -0.014240098722727858 -0.017516695546731766
29.02902902902903 0.12371583809208783 -0.014745250038449217 -0.017297501643808562
29.07907907907908 0.12140890566060897 -0.014840853133427504 -0.017055732203844293
29.12912912912913 0.11889038392232752 -0.014919537363364143 -0.01691996545727203
29.17917917917918 0.11600932953973857 -0.014547748972081402 -0.016849014013379432
29.22922922922923 0.11313336200543729 -0.014312898312628502 -0.01664838002841359
29.27927927927928 0.11058730348185974 -0.013887163811289056 -0.016512288807431247
29.32932932932933 0.10721800565496982 -0.013544981879052375 -0.01639692505351461
29.37937937937938 0.10395803727051739 -0.013282709261806112 -0.016352897102971827
29.42942942942943 0.10085820927304734 -0.013202841195396013 -0.016335803147095207
29.47947947947948 0.09829021767974191 -0.013350306320531071 -0.016260775706619667
29.52952952952953 0.09652775282867497 -0.013193461263381534 -0.016164275155039688
29.57957957957958 0.0955312164328465 -0.012454055118603936 -0.016061614952940957
29.62962962962963 0.09514505427932242 -0.011454175414523777 -0.01612194534679201
29.67967967967968 0.09470540429390382 -0.010255988611758853 -0.016243477174113955
29.72972972972973 0.09573720753780748 -0.009013534348504916 -0.016346981013271124
29.77977977977978 0.0980651398266868 -0.007791122802605911 -0.01649224657698853
29.82982982982983 0.10131865248046186 -0.00671719513205101 -0.016709548608810472
29.87987987987988 0.10401595451206097 -0.005257778161231503 -0.0170084988469669
29.929929929929934 0.10731214864690887 -0.0038569938379598378 -0.017466099625875534
29.979979979979984 0.11037529727791107 -0.0027437638435575985 -0.0179851717175427
30.030030030030034 0.11188176286512333 -0.0016497238319704267 -0.018519745294132035
30.080080080080084 0.11281360527854618 -0.00034501061599556947 -0.019093813694708195
30.130130130130134 0.11449585212951596 0.0009686990420345189 -0.019724522045321616
30.180180180180184 0.11643486841812983 0.0024991453109588805 -0.020473232279086234
30.230230230230234 0.11931555097880338 0.004240345129460969 -0.02130323495932161
30.280280280280284 0.12160680465965794 0.005685938674307632 -0.02204128465349152
30.330330330330334 0.12382073112093145 0.007118050746049285 -0.022724164078818568
30.380380380380384 0.12444001817084192 0.00854345377434762 -0.02347296078532104
30.430430430430434 0.12328206323743089 0.010048451433697153 -0.024088863666911042
30.480480480480484 0.12182449190189615 0.011510701459194703 -0.024645418806115687
30.530530530530534 0.1200618981641588 0.012493027244740279 -0.025115152332356814
30.580580580580584 0.11729664019923552 0.013274588345994738 -0.025347942589353585
30.630630630630634 0.11442827337322903 0.014134309891912885 -0.02546367642601273
30.680680680680684 0.11079716571330354 0.015235675605258002 -0.02546848493470788
30.730730730730734 0.10649083577398777 0.015919104032351795 -0.02545296770840445
30.780780780780784 0.10108296563190165 0.01620910288074829 -0.02528274684694373
30.830830830830834 0.0950122838574513 0.016043945656042703 -0.025025861032554466
30.880880880880884 0.08898436223112434 0.015513510018733861 -0.024696750357588077
30.930930930930934 0.0835182277594635 0.014987135232008819 -0.024312276708089955
30.980980980980984 0.07879677148950229 0.014012162445488674 -0.02397545634722085
31.031031031031034 0.07449148677507718 0.013067976734097998 -0.023607957540646426
31.081081081081084 0.07153423638764829 0.011997877318021852 -0.023157716742988246
31.131131131131134 0.06921452957720119 0.011241213889463586 -0.022641476003521295
31.181181181181184 0.06753204202563827 0.010418999266967604 -0.022158242312422572
31.231231231231234 0.06763741354668552 0.009863385637522178 -0.021676070423502294
31.281281281281284 0.06835475444375767 0.009178311431380917 -0.021277164753337047
31.331331331331334 0.06991984393575365 0.008549210536365955 -0.020898131312329298
31.381381381381384 0.07251784745117519 0.008075859639186991 -0.020404078635678592
31.431431431431434 0.07507648605146214 0.007642122693778838 -0.019903703361283016
31.481481481481485 0.07754562947353394 0.007432547465156457 -0.019224286854809623
31.531531531531535 0.08018592014943407 0.007304570943436367 -0.01834345630248586
31.581581581581585 0.08282023564616715 0.008092521875543688 -0.017383482716628238
31.631631631631635 0.08516790462620605 0.008946781424608204 -0.016430793599091897
31.681681681681685 0.08651081300719035 0.010132601295833325 -0.015519104920702367
31.731731731731735 0.08778119309772617 0.011815676076424968 -0.014659028596340579
31.781781781781785 0.08926592102797738 0.013874303455885655 -0.013794102215903494
31.831831831831835 0.0896616578868717 0.01597196961394244 -0.01288361137630664
31.881881881881885 0.08994029444917555 0.018084236550181067 -0.012103133740737146
31.931931931931935 0.09099284624033753 0.01933647625299607 -0.01160826178462147
31.981981981981985 0.09236911248295206 0.019753766661109808 -0.011263829131361642
32.032032032032035 0.09500454830939546 0.019708700237219445 -0.011043925965350778
32.08208208208208 0.0981955171842002 0.019640878612621378 -0.010729130621135567
32.132132132132135 0.10160714618108223 0.019258296966116275 -0.010424148939340207
32.18218218218218 0.10584680596661446 0.01842236960875988 -0.010111648885110186
32.232232232232235 0.11126907908869012 0.017285140728956486 -0.009858094837393808
32.28228228228228 0.116994662237661 0.016532928864436268 -0.009375314260626946
32.332332332332335 0.12181265306929517 0.01551645907621413 -0.00892679178581908
32.38238238238238 0.12569838453631593 0.014183990856865922 -0.008553101391051723
32.432432432432435 0.12978939998214745 0.012508939793147569 -0.0082973179268407
32.48248248248248 0.13290961370873228 0.010927581332661347 -0.007866413195089279
32.532532532532535 0.13447241220841505 0.009732152770516617 -0.007221524766358237
32.58258258258258 0.13670626788712323 0.008956131703124997 -0.006470559438497358
32.632632632632635 0.1393262754675531 0.008512400018124942 -0.005641029373102691
32.68268268268268 0.14096279041282378 0.007772966210100039 -0.004965481409916584
32.732732732732735 0.141107357425743 0.007139871467096885 -0.004406968209167129
32.78278278278278 0.14066155617523773 0.006599620358111855 -0.00402184598695965
32.832832832832835 0.14026449533346483 0.006458147085075991 -0.0038066712632165447
32.88288288288288 0.13949686212683396 0.006590589557250182 -0.003789729469183999
32.932932932932935 0.13880764596705716 0.007061327804376922 -0.00407493911073178
32.98298298298298 0.13724932389741218 0.007616062298213401 -0.004430356540652405
33.033033033033036 0.13578943101346438 0.007989730511404829 -0.004875624613113049
33.08308308308308 0.13391856200695312 0.008527126668583329 -0.00534823559105338
33.133133133133136 0.13145834238592136 0.009382115061165503 -0.005828171033891198
33.18318318318318 0.12879075364706408 0.010253136810789805 -0.0062943548610138525
33.233233233233236 0.12623746500428687 0.011225449900000666 -0.006680555583216585
33.28328328328328 0.12317891076050451 0.012189565367190364 -0.00702251472881847
33.333333333333336 0.11888309037061387 0.013237024135988424 -0.0071909353197102685
33.38338338338338 0.11408347413659813 0.01453263087345347 -0.007235694689236937
33.433433433433436 0.10975064890714543 0.015867583983806353 -0.0073031448694228715
33.48348348348348 0.10589618419815111 0.01695282460353739 -0.007399404705100482
33.533533533533536 0.1028353737943371 0.0179541383664653 -0.00758811871986256
33.58358358358358 0.09974055296766465 0.019313794045527816 -0.007852387651868546
33.633633633633636 0.09701476667167633 0.020771655813481973 -0.008245961206121527
33.68368368368368 0.09404101904185751 0.022503074462485565 -0.008639928787312371
33.733733733733736 0.09099596192315502 0.023840104937881062 -0.009144227904360397
33.78378378378378 0.08828480520118952 0.024884445520481968 -0.00977884505140429
33.833833833833836 0.08509180014307902 0.02551959946640085 -0.010275646890985944
33.88388388388388 0.08272876785877155 0.02510444397664664 -0.010607183717699217
33.933933933933936 0.08019686507094896 0.024009687988192554 -0.010876492083582484
33.98398398398398 0.07889295517088718 0.022473557964584317 -0.011046234690883384
34.034034034034036 0.07755320007990704 0.020710504663795672 -0.011210536662045587
34.08408408408408 0.07522286826337454 0.018894052027885095 -0.011414189832595432
34.134134134134136 0.0727455870325294 0.017349896291518577 -0.011655168495956951
34.18418418418419 0.07018531207741507 0.0161096467876538 -0.011936556594396141
34.234234234234236 0.06845800970598992 0.01489279246113653 -0.012200309967421663
34.28428428428429 0.0674544058884893 0.013627237890300911 -0.01225154087950336
34.334334334334336 0.0669519675051289 0.01217253904766434 -0.01216537704488997
34.38438438438439 0.06698111715362068 0.010877752930368282 -0.011981392960046319
34.434434434434436 0.06704829903691871 0.009866281639729205 -0.011739676262867732
34.48448448448449 0.06850836907437163 0.008879192491235638 -0.01154320775682467
34.53453453453454 0.06939485083865543 0.008031119402043202 -0.011317564695122616
34.58458458458459 0.06966471932146164 0.007051553159782032 -0.011051836906027977
34.63463463463464 0.06928793777254916 0.005962747023800926 -0.010739306331209146
34.68468468468469 0.0702429345720405 0.004845274471578964 -0.010284358997100255
34.73473473473474 0.07147235750314601 0.0031277301074640997 -0.009823967072602162
34.78478478478479 0.0724229414673853 0.000976465891578627 -0.009258480034457313
34.83483483483484 0.07316735685723615 -0.0018453978292309792 -0.00870621201673072
34.88488488488489 0.07437301488709205 -0.0052031400104194546 -0.008170737690496761
34.93493493493494 0.07506514938013621 -0.008352325950755447 -0.007621166395718291
34.98498498498499 0.07425626976832034 -0.011636681285263411 -0.007089272608870773
35.03503503503504 0.07186591810108578 -0.014787451868272133 -0.006560038582096459
35.08508508508509 0.06790687385405719 -0.017762796096994857 -0.006157107578652277
35.13513513513514 0.06292193600668831 -0.020014900919971122 -0.005703628196789739
35.18518518518519 0.057310701881694764 -0.02200479427599957 -0.005238727884206933
35.23523523523524 0.05211840888260224 -0.023544300649273146 -0.004730725428708584
35.28528528528529 0.046431130323382315 -0.02492924872454995 -0.004140600827828514
35.33533533533534 0.03979913103205424 -0.0262056029473422 -0.003652727532024619
35.38538538538539 0.03473381852510876 -0.027348922781564772 -0.0032230852451808757
35.43543543543544 0.029661029847740803 -0.028437301538940196 -0.0028902101055647547
35.48548548548549 0.024664487432799333 -0.029785137989617218 -0.002589980867107067
35.53553553553554 0.021246860154837517 -0.031098753134077305 -0.0023242181129892628
35.58558558558559 0.019180974107088068 -0.03251533266682396 -0.0020925248319907
35.63563563563564 0.01819882785926765 -0.0333648842694509 -0.0020070755665526157
35.68568568568569 0.018103252344628375 -0.03358200500768655 -0.0020451533557705815
35.73573573573574 0.01915051143878932 -0.03343784123970705 -0.0019522698309406583
35.78578578578579 0.019522704397341054 -0.03268671915006471 -0.0018154052582756083
35.83583583583584 0.019137219586421922 -0.03171008479545502 -0.0016896178300906364
35.88588588588589 0.018008729702728345 -0.03041626893664194 -0.0014059336384891008
35.93593593593594 0.01623622421329923 -0.028908327305151603 -0.0011363590554864065
35.98598598598599 0.014915066426360842 -0.027342002997617187 -0.0008991196800581121
36.03603603603604 0.013518354323070447 -0.025480155042501475 -0.00047982124103716257
36.08608608608609 0.012833298029034844 -0.02306524921202256 -6.301552368574975e-05
36.13613613613614 0.013794088756170027 -0.02111581826845686 0.00038378364478028717
36.18618618618619 0.014950877224786456 -0.01929330199071545 0.0009106204096524077
36.23623623623624 0.015956936488527997 -0.017087877187417715 0.001355442954315396
36.28628628628629 0.01771838487500312 -0.014565362509930211 0.001786338175259254
36.33633633633634 0.019362795871881992 -0.011828508467263993 0.002149045929484694
36.38638638638639 0.020262152633690994 -0.00943078086761731 0.0023027285366636016
36.43643643643644 0.02169191415354697 -0.007608530843507154 0.0023798763116156907
36.48648648648649 0.022673645967999187 -0.006052213083473982 0.0024972753252256183
36.53653653653654 0.023780322592803015 -0.004165504398200698 0.002514182172311424
36.58658658658659 0.025005187408188575 -0.0024602480826829824 0.0024138610802138436
36.63663663663664 0.026248507171250015 -0.0008035724563987526 0.0023677960366793424
36.68668668668669 0.027225178959417954 0.00019209555627857 0.00244023186312594
36.73673673673674 0.027281734396846016 0.0011399676685400185 0.002465741418035152
36.78678678678679 0.02669817675685861 0.0019235175943045277 0.002366399324662372
36.83683683683684 0.02553517368592473 0.0026552345540152514 0.002144841698683012
36.88688688688689 0.024025636753718826 0.0037484899352975224 0.0018720204796798979
36.93693693693694 0.024205514087271097 0.005267690560637908 0.001573217810776631
36.98698698698699 0.026960982461306085 0.0068302049295059925 0.0013515557711690003
37.03703703703704 0.030387398826378975 0.008652976275726061 0.0011908606049604315
37.08708708708709 0.03559789725627796 0.010344407980234404 0.0010179178491723818
37.13713713713714 0.04238104475272498 0.012265532476275072 0.0008022982496363803
37.18718718718719 0.05063176562131075 0.01434338936024927 0.0005732219067992635
37.23723723723724 0.058893845134240314 0.01667356758112278 0.0004972329043033774
37.28728728728729 0.06594338728585412 0.019250781133274407 0.00038649957595384945
37.33733733733734 0.07418982574245292 0.021672511489668804 0.0001331544506254481
37.38738738738739 0.08218142275803358 0.023831905665748068 -0.00012279102474816312
37.43743743743744 0.08913349787456597 0.025651609576829666 -0.0003660335011885511
37.48748748748749 0.09621112902262163 0.02680450875867226 -0.0006526946164231973
37.53753753753754 0.10282811237249856 0.02775693533447879 -0.0008968885649830618
37.58758758758759 0.10783484790572662 0.02833950884025662 -0.0011141144241136566
37.63763763763764 0.11334921237476803 0.02897903216318214 -0.0012768263247963495
37.68768768768769 0.11823350255773052 0.02909724642127607 -0.001203425891918318
37.73773773773774 0.12172943541828057 0.028477342414201287 -0.001040440111016237
37.78778778778779 0.1246071619083674 0.02730972884773381 -0.0009642687419954726
37.83783783783784 0.12682008498161365 0.025532980853771464 -0.0008296038443978737
37.88788788788789 0.12849852483856178 0.023763254248145415 -0.0007729312312704209
37.93793793793794 0.1299705699332648 0.022695553160033407 -0.0007444436344897646
37.98798798798799 0.13181987606671375 0.02202091940315872 -0.0005768863441929056
38.03803803803804 0.13350410050198788 0.021882263608853775 -0.00047711134488405307
38.08808808808809 0.1340371257193533 0.022554076206029616 -0.0002960247975664764
38.13813813813814 0.13304332703227978 0.023195566136347268 -0.00018897657317928918
38.18818818818819 0.13021666794875958 0.024038774579880608 -0.00032497084063022326
38.23823823823824 0.12560790633709715 0.024850064331308087 -0.0004720217845938606
38.28828828828829 0.12055739965849466 0.02555590089306571 -0.0005603367482091883
38.33833833833834 0.11461160641575958 0.0262832890214479 -0.0005595539897990009
38.38838838838839 0.10901817910763201 0.027406537838905343 -0.00048235216241329865
38.43843843843844 0.10428475475880018 0.028252410916744276 -0.0003370775400858484
38.48848848848849 0.09956551604509797 0.029096296965562977 -0.00029967918623799504
38.53853853853854 0.09527994962684089 0.029512697602743655 -0.00021016371691136583
38.58858858858859 0.09071393799945474 0.02988198526524811 -0.0001912920312458411
38.63863863863864 0.08707540152053465 0.030164285133610184 -0.0003143567962428406
38.68868868868869 0.08461844039378792 0.030430477914510753 -0.0005054257792889245
38.73873873873874 0.08319049727852296 0.03088094116348164 -0.0007487662601324388
38.78878878878879 0.08184886153520952 0.03171393900081231 -0.0010568818997095193
38.83883883883884 0.0791346625146011 0.032359304771675694 -0.001358124524873493
38.88888888888889 0.07558564099993298 0.03286977353696321 -0.00163721468918734
38.93893893893894 0.0703621687578298 0.03334015525231379 -0.0019440574440146748
38.98898898898899 0.06376410241789524 0.03374736218493677 -0.002269953062368694
39.03903903903904 0.0564999968201916 0.03378515762254686 -0.0025096816388234145
39.08908908908909 0.05130232565627578 0.03374383505302378 -0.002799260836716082
39.13913913913914 0.0472807997999205 0.0333672169211251 -0.003065558628537857
39.18918918918919 0.04393869202793967 0.03265047372239766 -0.0032954123734452927
39.23923923923924 0.04160905195047999 0.03147787629474138 -0.003532060853856932
39.28928928928929 0.04121841444882695 0.030001070594399683 -0.0036234767840650334
39.33933933933934 0.04153505053888929 0.02839017703430963 -0.0037414005092477687
39.38938938938939 0.04150419896285337 0.02696258996145739 -0.0037847914382029067
39.43943943943944 0.042832586756407595 0.02573152320325081 -0.0037488565621072332
39.48948948948949 0.0465601549555586 0.024420974944315204 -0.0037063434255981773
39.53953953953954 0.05034602944437326 0.023184364388771604 -0.0036499061814816826
39.58958958958959 0.05270756806958673 0.02176787418338377 -0.0036122066823854938
39.63963963963964 0.05315473402734945 0.020295478393593698 -0.0035679446366968194
39.68968968968969 0.05284247506047352 0.018645075571441537 -0.0035071372556009636
39.73973973973974 0.05073506251145422 0.017560359211495517 -0.003533765953786768
39.78978978978979 0.04828878238727384 0.01672640394311398 -0.003497267296533677
39.83983983983984 0.046641049777626835 0.016056204343841318 -0.003300093431016897
39.88988988988989 0.04631310981607676 0.015646445086982902 -0.0031417034381588153
39.93993993993994 0.046122941278792046 0.014907734264180817 -0.002961377223810749
39.98998998998999 0.046510345576530894 0.013944513659890335 -0.002769628566954229
40.04004004004004 0.047250448687920395 0.01288618240568834 -0.002744492957829043
40.090090090090094 0.04799530590990281 0.011712834643583652 -0.0027971451630113835
40.14014014014014 0.04783720221739955 0.01031054688102503 -0.0029482487592486463
40.190190190190194 0.04893165352846549 0.008961570037193289 -0.0031531522280792267
40.24024024024024 0.050599844639943596 0.0076367544274993865 -0.003359497713601545
40.290290290290294 0.05258709863182766 0.006019674033936887 -0.0035948893863466482
40.34034034034034 0.05544348579243232 0.004619831417821558 -0.003829910084377511
40.390390390390394 0.05780504393841956 0.00313078772027691 -0.003960423350537692
40.44044044044044 0.06076380319791089 0.0015411599772688796 -0.00399491318854804
40.490490490490494 0.06386478162836985 0.00037920728313499906 -0.0038886669066496146
40.54054054054054 0.06517125044892735 -0.000599594509103067 -0.0036941424659501223
40.590590590590594 0.06609103340978077 -0.0014498414754272736 -0.003521174165278063
40.64064064064064 0.06707617808017573 -0.002096359732659394 -0.0033942792664465203
40.690690690690694 0.06638832297081693 -0.0025570665873685776 -0.0032383686516673548
40.74074074074074 0.06211012556982297 -0.003086794474999699 -0.0030844856786275713
40.790790790790794 0.056307904647507206 -0.003492153088663326 -0.0029797560867492637
40.84084084084084 0.053748782170552456 -0.004017774170069479 -0.0029644388051073296
40.890890890890894 0.05238903778749911 -0.004210252140744505 -0.002961191112144221
40.94094094094094 0.05099579593699406 -0.004154608210611691 -0.003106493659858834
40.990990990990994 0.0494999171011077 -0.0035585602642335947 -0.0033670188739098853
41.04104104104104 0.0472684836439106 -0.0029104750286197893 -0.003704310168743306
41.091091091091094 0.04440713850827452 -0.0021160189717275486 -0.003985537492996098
41.14114114114114 0.04206694696600046 -0.0016698663320606783 -0.004269562072740178
41.191191191191194 0.03974992601659327 -0.001299822924072881 -0.004429856776280655
41.24124124124124 0.03856014006811532 -0.000988644304461925 -0.004600904137939572
41.291291291291294 0.03646736291707562 -0.0004872282892014184 -0.004711527386498101
41.34134134134134 0.0319777177896656 0.0001975826312605591 -0.004825067615797131
41.391391391391394 0.02711964402499297 0.0011321344017950423 -0.00490883023624452
41.44144144144144 0.02210296082947402 0.0021304456936786877 -0.004845456192345829
41.491491491491495 0.0172284463340322 0.0025102172975842267 -0.004782324083821403
41.54154154154154 0.011814189330074797 0.0027170022599709966 -0.004737716543726756
41.591591591591595 0.007763565259197585 0.0031109835707789735 -0.004571849378275387
41.64164164164164 0.004758947219343862 0.003712105822746487 -0.004383144753139318
41.691691691691695 0.0022015718877147774 0.0037688840958701986 -0.004091552707126928
41.74174174174174 -0.0009785585880873037 0.003678352389062427 -0.0037200190311309344
41.791791791791795 -0.004190842871417418 0.003970555079912872 -0.0032375857474840806
41.84184184184184 -0.008687452854319731 0.0047052028494503646 -0.0027786982843627426
41.891891891891895 -0.012524688314706095 0.005238280662076463 -0.0023916564660392864
41.94194194194194 -0.017670338656229273 0.00573150769291983 -0.001992227062003087
41.991991991991995 -0.02380151298819618 0.005920837482222926 -0.001550431537993805
42.04204204204204 -0.030523671430287367 0.005809116776025235 -0.0010415592436647154
42.092092092092095 -0.03669125145668064 0.00530283806860491 -0.0005971821807367346
42.14214214214214 -0.04193724021260101 0.004817950028515778 -0.00013098532562598814
42.192192192192195 -0.04631875843988958 0.00462127346882 0.0005191468016058998
42.24224224224224 -0.051161345700248155 0.0044259083306017995 0.0012142374954143868
42.292292292292295 -0.056107448108180205 0.004272818403262111 0.001908558627417479
42.34234234234234 -0.060913747190883764 0.004338030988017472 0.0027241378360944577
42.392392392392395 -0.06505510741039357 0.004619748613299635 0.003392506964920521
42.44244244244244 -0.06970350691466783 0.0048769536875606576 0.004043697235281329
42.492492492492495 -0.07418777253241174 0.005287467539615211 0.004621219054593395
42.54254254254254 -0.07732055348671298 0.005637459330739038 0.005093376653520464
42.592592592592595 -0.07835079171932822 0.0056638932737527415 0.005352146253294635
42.64264264264264 -0.07841607915435436 0.005320846995539459 0.005469234028761273
42.692692692692695 -0.07903619823196528 0.004950356965917969 0.005556203859049477
42.74274274274275 -0.07728366610196029 0.0041428536735522705 0.005689086327663887
42.792792792792795 -0.07431068162434991 0.0032507247444228185 0.005896297496797368
42.84284284284285 -0.07098275472178373 0.0024572833978249663 0.006331952579043626
42.892892892892895 -0.06801873080040498 0.0016974048367332487 0.006896104202063505
42.94294294294295 -0.06600532216055482 0.000901917221840641 0.007507140695522207
42.992992992992995 -0.06596712060387831 0.0003953115008465815 0.008042522671004639
43.04304304304305 -0.06639000508666418 -0.00014864020167267 0.008506557515437772
43.093093093093096 -0.06623175878551567 -0.0005770280454891718 0.008912179055872894
43.14314314314315 -0.06635815436551824 -0.0012727426400412013 0.009213546102675428
43.193193193193196 -0.06566030955520459 -0.0016758458072964402 0.009443995642423002
43.24324324324325 -0.06420602653255685 -0.001996653923959073 0.009610065051608087
43.293293293293296 -0.061957317051022594 -0.002002846025080487 0.009754171133574904
43.34334334334335 -0.05833392064543626 -0.0016074053861012806 0.009897239389002449
43.393393393393396 -0.05508596281419148 -0.0009849833046644853 0.010044807258477142
43.44344344344345 -0.051351918603870284 -0.0009170153723172305 0.010213566331849479
43.493493493493496 -0.0474125994329706 -0.000979121703515439 0.010215399211471037
43.54354354354355 -0.042007124860537405 -0.001262965209536638 0.010081686845749305
43.593593593593596 -0.03650577034088483 -0.0018606655889807442 0.009959276579163538
43.64364364364365 -0.0320193124032702 -0.0027746166102757853 0.009747496499737553
43.693693693693696 -0.028119672043692426 -0.0036590527766126968 0.00953482071429452
43.74374374374375 -0.024357286940179367 -0.004281495655962821 0.009174743729156196
43.793793793793796 -0.02166287654606813 -0.005210352442227027 0.008789512431927812
43.84384384384385 -0.019337245805608364 -0.006512426692200726 0.008447493947189086
43.893893893893896 -0.01734212385775185 -0.007410727876558223 0.008131183857507898
43.94394394394395 -0.01619833775804473 -0.007794618607620471 0.007695813611843984
43.993993993993996 -0.01568175602356321 -0.007901358287691628 0.007393132871434095
44.04404404404405 -0.014708475973085066 -0.007561849095501181 0.007220348551816931
44.094094094094096 -0.013972699726642345 -0.007363989596007141 0.007059867208050274
44.14414414414415 -0.014108618043153767 -0.007130721165027189 0.0068094284805374885
44.194194194194196 -0.01547992607809543 -0.007015422543309363 0.006594084013950275
44.24424424424425 -0.016823617724838914 -0.007024546739652919 0.0064321487858899065
44.294294294294296 -0.018276247561298684 -0.006747196460429727 0.006212233789774234
44.34434434434435 -0.019321831929484477 -0.006377903296586247 0.006064162628626104
44.394394394394396 -0.020113909765713325 -0.005663854939065295 0.005849835311147191
44.44444444444445 -0.01982767048799014 -0.004405966614418006 0.005472126376922624
44.4944944944945 -0.019821044911894452 -0.002820411801069021 0.004965191587668407
44.54454454454455 -0.019252925800107776 -0.0008494038962928699 0.004272284428098342
44.5945945945946 -0.018192873861643224 0.0016420968141310937 0.003517748670013586
44.64464464464465 -0.01704671903473936 0.004295760957414533 0.0028102881480410475
44.6946946946947 -0.01595815733542874 0.006665827801882845 0.00198619885929485
44.74474474474475 -0.013238614991163349 0.009238975628527744 0.0011531630381553903
44.7947947947948 -0.010003461332964285 0.01161435368931749 0.0004014342612122775
44.84484484484485 -0.008091893716292509 0.014142966753789586 -0.00029872253236200096
44.8948948948949 -0.008092594948316538 0.016649481541170363 -0.0009828632171255491
44.94494494494495 -0.01183591365204005 0.01936120246242282 -0.0015765536884046148
44.994994994995 -0.018183164598686852 0.0219101469656692 -0.0020852138038684694
45.04504504504505 -0.02475768422354355 0.02442603605842538 -0.0024623591422773244
45.0950950950951 -0.03303719379648604 0.026740301070235915 -0.002640327123373359
45.14514514514515 -0.041709949214178844 0.029473694006238726 -0.0026408143693392623
45.1951951951952 -0.05028868603124284 0.032372460504383554 -0.002704120388848496
45.24524524524525 -0.05710974136208832 0.03486345001332765 -0.0028442155419522207
45.2952952952953 -0.0644167245195933 0.0376068261999691 -0.0032075998909185132
45.34534534534535 -0.07222478849030554 0.04040588222410244 -0.003660918136969235
45.3953953953954 -0.07787997305984333 0.04299551414862728 -0.004102606051414662
45.44544544544545 -0.08063516137202871 0.045088058965158266 -0.004387984399459275
45.4954954954955 -0.08235024038087121 0.04675931866877075 -0.004427033985390029
45.54554554554555 -0.08233400949739733 0.04841869661472462 -0.004382357882971077
45.5955955955956 -0.08070794896980693 0.05015064037455063 -0.004275523205289894
45.64564564564565 -0.07837943378361624 0.05160287639709379 -0.004182050260683443
45.6956956956957 -0.0768585578687832 0.0530740729777965 -0.004097788910185672
45.74574574574575 -0.07382388673651055 0.053971844176241957 -0.003975472359211715
45.7957957957958 -0.0707560675494084 0.05455629703941894 -0.003874788033828711
45.84584584584585 -0.06794950264217631 0.05469017031105225 -0.003770479300359564
45.8958958958959 -0.0659459998067591 0.05498898759576802 -0.0036676092705176613
45.94594594594595 -0.06478905680531734 0.0551601952699049 -0.0036176969094996294
45.995995995996 -0.06431566026358385 0.05477619394581966 -0.003570764886920685
46.04604604604605 -0.06461676315630303 0.054253471640344365 -0.0034578563883836053
46.0960960960961 -0.06701936130848929 0.053534035744592146 -0.003326304952999659
46.14614614614615 -0.067888091882537 0.05284122152350946 -0.0032924922412622877
46.1961961961962 -0.06778161902326803 0.05251689328929971 -0.0033531067640958007
46.24624624624625 -0.0668617612865471 0.052064911489983844 -0.003389219349858403
46.2962962962963 -0.06605696928850803 0.05196898188387429 -0.003298671261608208
46.34634634634635 -0.06487495674641221 0.05220481938539771 -0.003235672208797471
46.3963963963964 -0.06287466718429859 0.05234488762997248 -0.0030080006414155724
46.44644644644645 -0.06266845935626751 0.05238474278076261 -0.002828156889488624
46.4964964964965 -0.06401115767362034 0.05208392859628467 -0.002781255214271597
46.54654654654655 -0.06566591107328447 0.051574781731308084 -0.002722312878198549
46.5965965965966 -0.06658849305325547 0.051225146080751016 -0.002567747808478897
46.64664664664665 -0.06522818489185712 0.05024236352599584 -0.0024484380606133926
46.6966966966967 -0.0630350899329128 0.04877885174080687 -0.002238285470150962
46.74674674674675 -0.06010503289729391 0.047219852252183475 -0.002096918381896944
46.7967967967968 -0.05800411210418613 0.04570441956661134 -0.0018084300223433175
46.84684684684685 -0.055414910207585134 0.044013320282174646 -0.001417509293602629
46.8968968968969 -0.05398284339140298 0.041614447583970274 -0.0010270684543767204
46.94694694694695 -0.054523968771637905 0.039385948830743304 -0.0006875761055851519
46.996996996997 -0.05691541341420251 0.03723637641004188 -0.0004050510341980619
47.04704704704705 -0.0614345429363367 0.03546118340391981 -0.00019616719652514262
47.0970970970971 -0.06783750009375406 0.033993452553210506 1.676233817111097e-05
47.14714714714715 -0.07385394872058505 0.03278116466351378 0.00022148404917302926
47.1971971971972 -0.07776674597177402 0.031984312061509285 0.0003370096945008342
47.24724724724725 -0.07990210966045677 0.032023358262982284 0.00046829195341858423
47.2972972972973 -0.07963967317992743 0.03270052606148805 0.0005360011396816283
47.34734734734735 -0.07823885525196236 0.033392991332231 0.000633779354310326
47.3973973973974 -0.07549425628908608 0.03461833203248046 0.0005690035357021521
47.44744744744745 -0.07187387663069654 0.03622090947483337 0.0003504499041977148
47.4974974974975 -0.06738561226029667 0.037928598262293764 8.995669890319818e-05
47.54754754754755 -0.06277406943890958 0.03962904418127248 -0.00026240550587320114
47.5975975975976 -0.05874935975823112 0.04130166629507608 -0.0006278007726437338
47.64764764764765 -0.054862749299620275 0.04278621093065777 -0.0008559312143114489
47.6976976976977 -0.050130262779755415 0.043854034143087486 -0.000985270366923804
47.74774774774775 -0.0446503477638983 0.044424019492222494 -0.0011137844177102245
47.7977977977978 -0.038081720423537295 0.04461238801772886 -0.0013119704489837876
47.84784784784785 -0.030191694571770462 0.044604319336084025 -0.0012630461614481653
47.8978978978979 -0.022285736449425365 0.044268666497016204 -0.0011821369464925485
47.94794794794795 -0.015868516104774532 0.04406928090462588 -0.0011034456969244006
47.997997997998 -0.009747319685410753 0.04372948864581904 -0.0010088627275928771
48.04804804804805 -0.004843751686900761 0.04360020219833072 -0.0007651232060274218
48.0980980980981 -0.0004490669105799561 0.04320968557155433 -0.0003391503035123737
48.14814814814815 0.005270372584213014 0.042813012929485125 0.00012728384887638312
48.1981981981982 0.011642820219397826 0.04269055678192097 0.0005365107766229521
48.24824824824825 0.018673775273042037 0.04255765087733209 0.0008371166846297981
48.2982982982983 0.025689150105047468 0.04248016673936976 0.0010094038943439117
48.34834834834835 0.030235958222482567 0.042051007915945224 0.0011576308559967281
48.3983983983984 0.03404873420130703 0.04112013262862429 0.0011373043263246253
48.44844844844845 0.03877752065163074 0.040040697158415135 0.0011005945757133198
48.4984984984985 0.04338049779266883 0.03898545606484519 0.001087740545632615
48.54854854854855 0.04801724853734399 0.03800026475355699 0.0010859230858319784
48.5985985985986 0.0517999028054874 0.03680582892638279 0.001091847277159001
48.64864864864865 0.054580700143214075 0.03544893671920162 0.0009245075385320242
48.6986986986987 0.0575480590364222 0.03360846840997198 0.0009002566336780013
48.74874874874875 0.06017645422484412 0.03196062545639998 0.0009910541020483477
48.7987987987988 0.06235942538097186 0.030658789744990575 0.0009435029040664922
48.84884884884885 0.0643968379714115 0.029716289420370374 0.0008963672583980667
48.8988988988989 0.06520330311907413 0.029375643413770112 0.0006658288954433815
48.94894894894895 0.06449664657903069 0.029663424863390228 0.00027499127797783133
48.998998998999 0.06459915149051686 0.02981264439215063 -0.00015326263756890838
49.04904904904905 0.06616077655413964 0.030277330710499147 -0.0005642417809599471
49.0990990990991 0.06777924438232469 0.030675781095559095 -0.0008971539608260237
49.14914914914915 0.06914859369897196 0.031048268966701133 -0.00118521580649236
49.1991991991992 0.07159627161013545 0.031573028647897336 -0.0016221302699833031
49.24924924924925 0.07384642076318158 0.03205733157306253 -0.0021065719999628697
49.2992992992993 0.07598449233401869 0.03286657082091549 -0.0024441483238193044
49.34934934934935 0.07699021190794735 0.03325886232089271 -0.0027201944458796886
49.3993993993994 0.07767123784497602 0.03332698384014228 -0.002803140997498765
49.44944944944945 0.0792835863109479 0.033675384713683816 -0.002720920989549905
49.4994994994995 0.08163273452979379 0.034192616539562605 -0.0025415686009029937
49.54954954954955 0.08360827091181688 0.034239969701098646 -0.0022799955617405685
49.5995995995996 0.0850607493219962 0.0344699078589368 -0.0021218113518335713
49.64964964964965 0.08635061290718683 0.03437206861670582 -0.001891232509648048
49.6996996996997 0.0880185659260082 0.034317074700101584 -0.001621830201349363
49.74974974974975 0.08947899974287749 0.0341022633239532 -0.0013117418409955874
49.7997997997998 0.09104707407378491 0.033781667531836396 -0.000972150046597303
49.84984984984985 0.09240766700335099 0.03335421092614685 -0.0007080867400221287
49.8998998998999 0.09451730135008023 0.03288192993128527 -0.0005091826004193741
49.94994994994995 0.09719636105936307 0.03279953364459469 -0.0003217505024056226
50.0 0.09862069033432454 0.03331580196124028 -0.0004061696027728395
