t sigma_z_100 sigma_z_1000 sigma_z_10000
0.0 1.0 1.0 1.0
0.05005005005005005 0.9987549648335505 0.9987491038993762 0.9987516426915307
0.1001001001001001 0.995084257273478 0.9950215259430427 0.9950334674850931
0.15015015015015015 0.9891377013885869 0.9889027395399008 0.988923520881016
0.2002002002002002 0.9810309429409422 0.9805292778110315 0.9805415840402315
0.2502502502502503 0.9709220140322796 0.9700818289645545 0.9700414314216741
0.3003003003003003 0.9591178607115032 0.9577616222917424 0.9576171246823545
0.3503503503503504 0.9455621605215425 0.9438982097237616 0.9434473393988596
0.4004004004004004 0.9304036894307518 0.9288086457704189 0.9276801611377812
0.45045045045045046 0.9134763887456362 0.9127543038988469 0.9106297587337913
0.5005005005005005 0.8953165553390131 0.89605509489713 0.8925828436222982
0.5505505505505506 0.8754072144126321 0.8790244004549771 0.8738386758326095
0.6006006006006006 0.8545003650848363 0.8615995204552267 0.8545799814695249
0.6506506506506506 0.832687148675608 0.8444098245686947 0.835081687492294
0.7007007007007008 0.8096695720062485 0.8276085596012284 0.8155804136549063
0.7507507507507508 0.7853761724332701 0.8116302002860939 0.7960989119850086
0.8008008008008008 0.7619186253325492 0.7966919332666001 0.7770366923900222
0.8508508508508509 0.736855755449337 0.7827818618895189 0.7588603020439998
0.9009009009009009 0.7132929670328051 0.7705388857414457 0.7417592450554598
0.9509509509509511 0.6906817015555362 0.760445608709014 0.7260913437031117
1.001001001001001 0.668614503223607 0.7526455700264219 0.7120242039714759
1.0510510510510511 0.6461070921305235 0.7457809821241238 0.6997993978730426
1.1011011011011012 0.6267102250910281 0.7399171889648626 0.6894034433008757
1.1511511511511512 0.6096246313354697 0.7333497727339308 0.680818795603456
1.2012012012012012 0.5937724569067895 0.7269770176765782 0.6740956992411139
1.2512512512512513 0.5791176089782236 0.7205962162298722 0.6689475860254772
1.3013013013013013 0.5662749623217136 0.7139795784698798 0.6656230342831378
1.3513513513513515 0.5567260426916595 0.7080916954850004 0.6633548545225413
1.4014014014014016 0.5483353619667399 0.7040275665943733 0.6622883765456252
1.4514514514514516 0.5426928687490775 0.7019673536781572 0.6618104394646699
1.5015015015015016 0.5419936700727608 0.7003393551621413 0.6626577035787582
1.5515515515515517 0.545022516608119 0.6990379597926506 0.6637363455470188
1.6016016016016017 0.5494106119206391 0.6989331090481719 0.6652482665753325
1.6516516516516517 0.55581731155987 0.6992172613524116 0.666748876507541
1.7017017017017018 0.5672005373703352 0.698862926994157 0.6685976243220333
1.7517517517517518 0.5831992174260886 0.6977139685273684 0.6710599971904069
1.8018018018018018 0.5999535430287788 0.6951731580702646 0.6741140001947082
1.8518518518518519 0.6175305993498549 0.6901742376858528 0.6768744863612932
1.9019019019019021 0.6314523627369139 0.6836514916005663 0.6789313270877466
1.9519519519519521 0.6442222429975613 0.6751212167659512 0.6800997007065797
2.002002002002002 0.6549594728863497 0.6645212038244804 0.6813578832933899
2.052052052052052 0.6653767724504208 0.6533081228399654 0.6820577991382457
2.1021021021021022 0.6756916426402763 0.6409729771919057 0.6816570471170667
2.1521521521521523 0.6841946230157417 0.6282262407322382 0.6808937104663096
2.2022022022022023 0.6882942074158852 0.6144453767657791 0.6798559999177456
2.2522522522522523 0.6918744229325656 0.6003095206836533 0.6779230624848315
2.3023023023023024 0.6924225383415057 0.5880690341342533 0.6754891210978258
2.3523523523523524 0.6946809896510165 0.5785206049163536 0.6723901033017347
2.4024024024024024 0.6979644011663744 0.5712844750098208 0.6685509657823349
2.4524524524524525 0.6994748037840836 0.5668502448619366 0.6643482381406293
2.5025025025025025 0.7022732027686827 0.5638788113820191 0.6600498322803107
2.5525525525525525 0.7099175408251005 0.560354143361357 0.6560738631369729
2.6026026026026026 0.7209840811030335 0.5569563033334725 0.6518064907317654
2.6526526526526526 0.7311518469680127 0.5584317830585157 0.6472278431027819
2.702702702702703 0.7397679651763736 0.5610610479179788 0.6418752178071699
2.752752752752753 0.7476275160380137 0.563156802066384 0.6357986689671222
2.802802802802803 0.752422273474709 0.5629175824564454 0.6286303768346377
2.852852852852853 0.753668025441061 0.5605290345210151 0.6213704307307837
2.902902902902903 0.7487517185319444 0.556894182101726 0.6141853378378165
2.9529529529529532 0.7435875293794352 0.550639986969638 0.60688318104677
3.0030030030030033 0.7387764576136402 0.5464276750589908 0.598857227751727
3.0530530530530533 0.7333188698355264 0.5395524247556863 0.5896190066245925
3.1031031031031033 0.7263214048859775 0.5294694648875805 0.5799535899558979
3.1531531531531534 0.715800975472796 0.5187468419345431 0.5697535550489017
3.2032032032032034 0.7045622639886853 0.5054778695999297 0.5587279435221613
3.2532532532532534 0.6966702678643089 0.4911680736476073 0.5460240131679713
3.3033033033033035 0.6821145836597088 0.4763266400599398 0.5326808524687137
3.3533533533533535 0.6638812946066341 0.4604890181355061 0.5191502916363847
3.4034034034034035 0.6445220186066624 0.44314169917258683 0.5058928602474264
3.4534534534534536 0.6219672210076514 0.42178929688982786 0.49410364580935384
3.5035035035035036 0.5925120176974064 0.40006541296950177 0.48312933146304937
3.5535535535535536 0.5607059917371097 0.3777937683180031 0.4734419413761387
3.6036036036036037 0.5251387778244249 0.35431519516914606 0.4655326310868718
3.6536536536536537 0.4818440450923338 0.3288346925598441 0.4585038253183694
3.7037037037037037 0.4377646989716052 0.303736396393812 0.45218203175022986
3.753753753753754 0.38685529306933214 0.2820393026530715 0.44681092012624396
3.8038038038038042 0.3326905166278231 0.26446652651517477 0.4418001267320294
3.8538538538538543 0.27454928580727833 0.2521526540686222 0.43561469274127546
3.9039039039039043 0.21395985257213126 0.24255699755889112 0.4298527980073933
3.9539539539539543 0.15024896815949257 0.23502497381781276 0.42504098372235277
4.004004004004004 0.08309960571519578 0.22945289268831487 0.4221416830550941
4.054054054054054 0.019059102587366424 0.22806963024460414 0.422469921436215
4.104104104104104 -0.038243144219910666 0.23169069537189613 0.42333116344162885
4.1541541541541545 -0.08223085248640934 0.23587147696138522 0.4238722467623779
4.2042042042042045 -0.11807102117483614 0.24055782732684844 0.42240166212696173
4.2542542542542545 -0.1458698421769822 0.24209741840690613 0.41859849537043226
4.3043043043043046 -0.15960383271301906 0.2487986927512846 0.41415752036058734
4.354354354354355 -0.15557530011546328 0.25853865206110643 0.41079897874590493
4.404404404404405 -0.14710940588288562 0.2694528787147762 0.4079153195396231
4.454454454454455 -0.13711582131343653 0.2799984120366768 0.40475589012874247
4.504504504504505 -0.12512483156997894 0.2898916278528044 0.40232279719992153
4.554554554554555 -0.11529682486805697 0.3004648911180566 0.3989410343611401
4.604604604604605 -0.10178047015807794 0.3088329889954312 0.39560381296773117
4.654654654654655 -0.09225170887616466 0.31494633114760096 0.38926642653892884
4.704704704704705 -0.08173480182683521 0.32298248103595006 0.381545394921758
4.754754754754755 -0.0660583177680763 0.33186544534320345 0.3751943361633323
4.804804804804805 -0.051247832824792276 0.3420175575435941 0.3690178294140332
4.854854854854855 -0.04031049097935187 0.35232901212075374 0.3649398314099429
4.904904904904905 -0.031231172482640835 0.36256729579611097 0.36211542070812397
4.954954954954955 -0.02641270286462818 0.3700563120150248 0.36189590166613717
5.005005005005005 -0.017414845297461602 0.3734407295284343 0.3634044383844086
5.055055055055055 -0.007947331312416983 0.378790590159668 0.36317257434926564
5.105105105105105 0.005145671403776846 0.38316038116363005 0.36345076599469106
5.155155155155155 0.01808798558331776 0.38702047414054297 0.36591635558606356
5.205205205205205 0.03281041605853622 0.389451613201087 0.3688361958896245
5.255255255255255 0.04779074892685481 0.3872786272500895 0.3730412373829474
5.305305305305305 0.06029109781624787 0.3797089395103436 0.379821057993533
5.355355355355356 0.07424041169404687 0.36959732785902405 0.3864195197072712
5.405405405405406 0.0865639635493988 0.3523868883016245 0.39073547286263854
5.455455455455456 0.0924803363274981 0.3329253005725509 0.39552022944083853
5.505505505505506 0.09802066434198593 0.3135366753612013 0.3998102540830947
5.555555555555556 0.10207725926610431 0.29583188545039024 0.4022889966894282
5.605605605605606 0.09879518608412122 0.2820509691846662 0.40086096270475874
5.655655655655656 0.10071106732356756 0.27370120036067663 0.39730849695863707
5.705705705705706 0.1065144835171572 0.2651925536445544 0.39615289973997736
5.755755755755756 0.12377628140399384 0.25798701560964715 0.3956716430760212
5.805805805805806 0.14703971461284934 0.24882573514616552 0.3934487025662274
5.855855855855856 0.17707900500443316 0.23814178578650658 0.3889916878024717
5.9059059059059065 0.21487090342811122 0.2266455364059828 0.383835914568778
5.9559559559559565 0.24904670616456695 0.20998823021265647 0.3760628066710485
6.0060060060060065 0.28242444741507894 0.19204993032257303 0.3674070367946734
6.056056056056057 0.316844090077161 0.1725359254946619 0.3565344287136039
6.106106106106107 0.3480941219412045 0.1537791668608447 0.34549172335169276
6.156156156156157 0.37832763457854085 0.1348003102757115 0.3320670847636657
6.206206206206207 0.4053259949431819 0.11994614885696718 0.31834846512957543
6.256256256256257 0.4383468215357188 0.10566843036501061 0.30360987902355474
6.306306306306307 0.47013716824431284 0.09170620009244305 0.29170497981793403
6.356356356356357 0.49839582964887136 0.0795618688156286 0.2819583905720422
6.406406406406407 0.5163317847008261 0.06748477026423474 0.2735069058075442
6.456456456456457 0.5202616855730626 0.05363204662085143 0.2658679791203635
6.506506506506507 0.5174799747026446 0.0420638437506767 0.2580616252447767
6.556556556556557 0.5145306877615222 0.035349724788960986 0.24810193112896745
6.606606606606607 0.5033119334290423 0.030647248221327163 0.23420350511227586
6.656656656656657 0.49147795431201224 0.029880870165498945 0.21892867786773923
6.706706706706707 0.47277709265635454 0.030519765320702233 0.20108771718392485
6.756756756756757 0.4418941606368834 0.03237311864360585 0.1805426989074614
6.806806806806807 0.39930738668266547 0.03346143404073127 0.15920971858723856
6.856856856856857 0.353238900417719 0.03873442355792282 0.13868832806013162
6.906906906906907 0.2950627962707111 0.045991887309767575 0.12067065578748505
6.956956956956957 0.23603638593559115 0.056250572482949596 0.10330921309735343
7.007007007007007 0.18212515560348347 0.06753777748992341 0.0857474801774419
7.057057057057057 0.1296671312616748 0.08050062464588482 0.06684203758245602
7.107107107107107 0.07609399035107155 0.09255831341140731 0.04943138012628258
7.157157157157157 0.022418820163135702 0.10325510866861197 0.03561875116117032
7.207207207207207 -0.015424456589023836 0.11245316111832784 0.026907427472982914
7.257257257257257 -0.046719312295322106 0.12130791189158767 0.019903665729424272
7.307307307307307 -0.06310590643392565 0.1289391789236943 0.01661067244089802
7.357357357357357 -0.06685997261341917 0.13443935990216693 0.01489426706448155
7.407407407407407 -0.060319745544129694 0.14058776958714383 0.0148891620651166
7.4574574574574575 -0.05280769277617076 0.14648929615384879 0.01502380062977327
7.507507507507508 -0.041286218540321454 0.1535731089873205 0.020582115976914794
7.557557557557558 -0.03342543376787648 0.1614871856691526 0.028575347980890984
7.6076076076076085 -0.030681924490080583 0.1681861125679851 0.03366418807500545
7.6576576576576585 -0.03151574000063379 0.17248976436950805 0.039530011503811795
7.7077077077077085 -0.03479886197758301 0.17497827288639903 0.04811847922648763
7.7577577577577586 -0.04117993049412396 0.17281115359948113 0.0580844693745748
7.807807807807809 -0.03902627789275342 0.16838228546315645 0.06844376815661621
7.857857857857859 -0.03908460027652932 0.16294233123931834 0.07928636876465667
7.907907907907909 -0.04634104937201093 0.1508375398492792 0.0872943239388446
7.957957957957959 -0.05136208012708398 0.13941039477292058 0.09143413077065674
8.008008008008009 -0.05520143548649719 0.13386871764760067 0.09375815244310845
8.058058058058059 -0.05487594783756488 0.13218649516951367 0.09468596444333872
8.108108108108109 -0.04835498174478203 0.13013542530097522 0.09351099748940297
8.158158158158159 -0.03735506444581303 0.1307336298825811 0.08765392271360489
8.208208208208209 -0.026867770972302443 0.13069313874759705 0.08158610626897941
8.258258258258259 -0.02217617745591231 0.12974976926236345 0.07777599821568403
8.308308308308309 -0.006780103509402146 0.12758152673019948 0.07096939960384033
8.358358358358359 0.017615007478166148 0.12416208264961147 0.06229722599139702
8.408408408408409 0.043771955556213785 0.11786116726418626 0.055322537660743014
8.458458458458459 0.07234096941325142 0.11124644688737968 0.05171339490837075
8.508508508508509 0.10135195959041508 0.10688096146921705 0.049575876079399936
8.558558558558559 0.12457914710485975 0.1020043826440007 0.046889256699462104
8.608608608608609 0.14365920585651984 0.10168750847300774 0.043329795838736994
8.65865865865866 0.15944987142038797 0.10554389622160647 0.039743033239532766
8.70870870870871 0.17292324443412938 0.11651683533351934 0.03800937781368526
8.75875875875876 0.18664936558232453 0.13051367899020871 0.04003201744742055
8.80880880880881 0.19117313184051227 0.1397342855510499 0.044260521795315665
8.85885885885886 0.18541362972919706 0.13947643539324028 0.052120926393381346
8.90890890890891 0.16882284579255416 0.13432560630319454 0.06105165540519695
8.95895895895896 0.14572709582189816 0.1273971295024544 0.0709925095503768
9.00900900900901 0.12276355079398475 0.12014115344490231 0.08250890606987231
9.05905905905906 0.09968808827469446 0.11167736970536238 0.0923602290176217
9.10910910910911 0.07976776653272971 0.10232877140730685 0.09796975586928347
9.15915915915916 0.06050089140381195 0.09457577344267991 0.10102029224330857
9.20920920920921 0.0422086819579425 0.08921408202966125 0.10166457829569875
9.25925925925926 0.02259868342606378 0.08674136610331946 0.09856170082779919
9.30930930930931 0.0038237218116068533 0.08653441148887638 0.09476313862242144
9.35935935935936 -0.011540579322560432 0.08830175947165049 0.08683765433597172
9.40940940940941 -0.02334251461757654 0.08849458380574808 0.07683161982175118
9.45945945945946 -0.03638130578675501 0.08882560068162955 0.06923321640342268
9.50950950950951 -0.05279444687321715 0.08641555425291578 0.06550874181211415
9.55955955955956 -0.06709785220560624 0.0850455684204645 0.06123048321899362
9.60960960960961 -0.0749478199167416 0.08687386033506131 0.05778577329200349
9.65965965965966 -0.07011728850623496 0.08829727064007549 0.053672509936292453
9.70970970970971 -0.05533294082417423 0.08621283175914982 0.04633129649657456
9.75975975975976 -0.03928532591975169 0.0840138776238926 0.04245996111916259
9.80980980980981 -0.011711143643717468 0.07686720625168258 0.045924364871984404
9.85985985985986 0.02482740024857306 0.07281286069829297 0.05007073469271063
9.90990990990991 0.0604505765168924 0.061867497354781226 0.05860443163497906
9.95995995995996 0.08757610520948698 0.047391578786096844 0.06549447431441723
10.01001001001001 0.10462278620349612 0.030444694792219194 0.0729434891970981
10.06006006006006 0.11755377006735204 0.009322479613152567 0.0818910674145283
10.11011011011011 0.12910444150167613 -0.009475799569154583 0.08710166739798052
10.16016016016016 0.15028119451362823 -0.022592239034839704 0.0887829606972732
10.21021021021021 0.1738543946413286 -0.025350174391271726 0.09072898394839742
10.26026026026026 0.1910962767134211 -0.022602066795158547 0.09078184806290769
10.31031031031031 0.20582208421571357 -0.013056094136288268 0.08747375714112732
10.36036036036036 0.22081241473293003 -0.002113532670086901 0.08202244177906502
10.41041041041041 0.22866965679523601 -0.002430339223218593 0.07489492424431193
10.46046046046046 0.2324070777106412 -0.010219393742829718 0.06740237135058723
10.51051051051051 0.23200627264519386 -0.02806005672778916 0.06009836593916923
10.56056056056056 0.2291299259637852 -0.05097510238213091 0.05109035803958778
10.61061061061061 0.22887685927846585 -0.06276651224867785 0.04057848359673133
10.66066066066066 0.22779719100881723 -0.07161980065946849 0.029314676042865695
10.710710710710712 0.2203774865573095 -0.07756268375587676 0.019565135363766993
10.760760760760762 0.20670599049709612 -0.08007454035678145 0.012619349580428183
10.810810810810812 0.19607944600932806 -0.07655512660882491 0.003752132826964077
10.860860860860862 0.1910913168641402 -0.0724333334747676 -0.004715973907187466
10.910910910910912 0.1898227080264762 -0.06644892289225707 -0.010703021161008946
10.960960960960962 0.1924442102792342 -0.056234246087180896 -0.015263088769510564
11.011011011011012 0.19305823916174122 -0.04532490553961772 -0.01906277714176367
11.061061061061062 0.19375203567264931 -0.03470463023187891 -0.01912708020090419
11.111111111111112 0.1891497417890945 -0.024551270394116736 -0.01799771757283593
11.161161161161163 0.17638535550145834 -0.0190353457800141 -0.017677459163207083
11.211211211211213 0.16665909656913186 -0.012033777162841555 -0.016127745484962538
11.261261261261263 0.158102340270769 -0.00835274794967341 -0.011016482663149437
11.311311311311313 0.1445430246064841 -0.009067699827777926 -0.005023843636849617
11.361361361361363 0.12976541843479472 -0.014551331094851981 0.0013874583023431575
11.411411411411413 0.12370490906035356 -0.021106848797644885 0.006816382978226752
11.461461461461463 0.12547263802969735 -0.02727860417450582 0.013003786430134119
11.511511511511513 0.12426621049594573 -0.035502473578204415 0.022620556758129892
11.561561561561563 0.11735260293091032 -0.04118489080931986 0.03315845871176147
11.611611611611613 0.11016878698168722 -0.04580076062612644 0.04185757037296489
11.661661661661663 0.09998053764109104 -0.045152325706874365 0.05220629624881363
11.711711711711713 0.09157012371325858 -0.03768548428224713 0.06351327730548914
11.761761761761763 0.0818572512319378 -0.03236312622945897 0.07339657353190604
11.811811811811813 0.07229606067397616 -0.02492882208842543 0.08104815192655877
11.861861861861863 0.06388393186043824 -0.01392943110047332 0.08584310413488457
11.911911911911913 0.049780095699225875 -0.0016227545040895632 0.09208040678597751
11.961961961961963 0.040693249578541764 0.019732220235516563 0.09639059837544686
12.012012012012013 0.02975937739995743 0.03944355793287119 0.09881657504722739
12.062062062062063 0.02552257362145838 0.0598805425547196 0.10146689650931001
12.112112112112113 0.029543630197582545 0.08323190112436736 0.1071603069413825
12.162162162162163 0.03612891505926858 0.10420589191380512 0.1116798929094669
12.212212212212213 0.044534781528125116 0.1255132979830682 0.11109044467948957
12.262262262262263 0.053376388054370894 0.1420565027122316 0.10801953567766158
12.312312312312313 0.061281176507723294 0.15117143208083336 0.10060107830463857
12.362362362362363 0.0703131426653625 0.15523307943856005 0.09182591423771316
12.412412412412413 0.08514010674559781 0.15825087401242777 0.08105858856254916
12.462462462462463 0.10373578353496582 0.16537690647269973 0.07146340307364044
12.512512512512513 0.12578290901369268 0.17210907509360535 0.06053843976411175
12.562562562562563 0.15539713338717692 0.1725865267282416 0.04849288593247335
12.612612612612613 0.18489408609828054 0.17146977684160924 0.03641264929131002
12.662662662662663 0.21021645729035443 0.17323610130783249 0.024276117049140403
12.712712712712714 0.22856133487841812 0.1801861234522014 0.015261326101806059
12.762762762762764 0.24233045458281183 0.18913757059672903 0.007771474037966717
12.812812812812814 0.2582102998739201 0.20583802990675226 0.0017058389320760926
12.862862862862864 0.2801599125105466 0.22565747943755654 -0.0009309379318565093
12.912912912912914 0.2984565128134976 0.23874141960599013 -0.0027544165546668532
12.962962962962964 0.31492441881649824 0.2523741700870032 -0.0006243152590219285
13.013013013013014 0.32342180704995077 0.2644117296955064 0.002148733353417753
13.063063063063064 0.326898164119943 0.2747885881811955 0.004730665057774139
13.113113113113114 0.3272231924736736 0.2860137321901703 0.012176443282132044
13.163163163163164 0.32970807587039974 0.29228370112208824 0.0230087002286784
13.213213213213214 0.33239508013887054 0.2972250247838127 0.03264999446269848
13.263263263263264 0.335331211689697 0.30636887321741074 0.041822150883364335
13.313313313313314 0.34790686987594466 0.3169823026449184 0.05122480727952127
13.363363363363364 0.35729101397434226 0.3267101731326335 0.062413554017972404
13.413413413413414 0.37139977676428626 0.3341783073630463 0.07576467853942424
13.463463463463464 0.38772868894736867 0.34406141121428985 0.09363783226565936
13.513513513513514 0.4085997618407436 0.35441460268590397 0.11224759407309935
13.563563563563564 0.43250034962635536 0.3651305102334448 0.12959497550395466
13.613613613613614 0.4564375015891139 0.3748782444450241 0.1422829168029007
13.663663663663664 0.48065507934247853 0.38500497932114935 0.15304610989232853
13.713713713713714 0.5096680023735948 0.39328931342753837 0.1639881534835627
13.763763763763764 0.5352204036428532 0.3946090509006887 0.17456615368799908
13.813813813813814 0.5508208612362896 0.39685933824748654 0.18544933279941736
13.863863863863864 0.5658283941055163 0.403913977320952 0.19256250650233858
13.913913913913914 0.5859786764676848 0.40655868025858016 0.1943332626256444
13.963963963963964 0.6070364342874024 0.40965489885489065 0.19298804323866026
14.014014014014014 0.6192586525463499 0.4142423489861914 0.18952941661628392
14.064064064064064 0.6217783616052154 0.42232128838335387 0.1870890550881924
14.114114114114114 0.6144384195896329 0.43075715143651855 0.1821822594515111
14.164164164164164 0.6026934811719803 0.4381331726718984 0.17920071489979253
14.214214214214214 0.5817627724830584 0.4437608869522367 0.17681125113703183
14.264264264264265 0.5540183223891584 0.43987299354420045 0.17305196129135328
14.314314314314315 0.5235024827808467 0.426918867353255 0.17082552192608028
14.364364364364365 0.49004135647568386 0.4101758434211232 0.16778165712083215
14.414414414414415 0.44730041440689416 0.3819764434826733 0.16568746700059073
14.464464464464465 0.40519805826233407 0.3429748661611297 0.16652092251728892
14.514514514514515 0.3632295192162493 0.3013968077523685 0.1701519914401627
14.564564564564565 0.321548255819369 0.2504859995188027 0.1733990378617469
14.614614614614615 0.29245243426075224 0.1954614870669545 0.1757874533676159
14.664664664664665 0.2618779731756935 0.13378553109478009 0.1774737471453615
14.714714714714715 0.2237176060167451 0.0698438128011097 0.17354290525524285
14.764764764764765 0.1763119455996524 0.006645283189170802 0.1660655481966095
14.814814814814815 0.12898101135716644 -0.047628715889151935 0.15732713750931537
14.864864864864865 0.08718016185017502 -0.09708091596796957 0.1487347914799518
14.914914914914915 0.05029707000107791 -0.14070663021147403 0.1361251561863622
14.964964964964967 0.007084422248758084 -0.17633332958648423 0.12291792485851827
15.015015015015017 -0.036611292248607596 -0.20432334491438947 0.11069499239600791
15.065065065065067 -0.07642948099143294 -0.22459836436558062 0.09791794504857519
15.115115115115117 -0.11337814432766966 -0.2454558217680079 0.08174359218109242
15.165165165165167 -0.14512513606807761 -0.26938607871442466 0.06347464452005963
15.215215215215217 -0.173855944974453 -0.2945215115594714 0.0423872122904963
15.265265265265267 -0.20380781800498676 -0.33213333070806 0.016966988836389064
15.315315315315317 -0.21799861957381503 -0.3698295550112183 -0.010003262638690055
15.365365365365367 -0.22004722265456597 -0.3948269869806046 -0.037546632538699845
15.415415415415417 -0.20869481720091443 -0.41641076762359397 -0.06260367836237739
15.465465465465467 -0.193399336820869 -0.4339880159866362 -0.08709202527236418
15.515515515515517 -0.1797659986664903 -0.44951983108817695 -0.11041491566322047
15.565565565565567 -0.1513636275008116 -0.4635785418838187 -0.13127839730710947
15.615615615615617 -0.10827739258679336 -0.47855846603048796 -0.14278295583929612
15.665665665665667 -0.06909762432125141 -0.4874222648642805 -0.1522581551489176
15.715715715715717 -0.024151835322934356 -0.5005696780649543 -0.16186949796947475
15.765765765765767 0.02081138101838919 -0.5060145931117549 -0.17124426733054326
15.815815815815817 0.07335425621755123 -0.4978069445028192 -0.17783289238503142
15.865865865865867 0.12635462863199254 -0.4850686753761555 -0.176745739145298
15.915915915915917 0.17630987343765855 -0.466427905509164 -0.16440768559906904
15.965965965965967 0.23123505857716492 -0.43334289781637686 -0.14576952428810777
16.016016016016017 0.2948631001506916 -0.38812220429391675 -0.1222565827012428
16.066066066066067 0.3517974866781083 -0.3238174205337357 -0.09245382327368636
16.116116116116117 0.40943255087942554 -0.2525711642824134 -0.06147932453290325
16.166166166166168 0.45845002769751275 -0.18744688657031966 -0.029344885681349926
16.216216216216218 0.5062396961578617 -0.12397992488182441 0.0016124094460326314
16.266266266266268 0.559633571822062 -0.072838927130772 0.029447040362265055
16.316316316316318 0.606754064998863 -0.026785939320897897 0.04792984806980347
16.366366366366368 0.6382269095127899 0.0020815896866368875 0.06047167331423427
16.416416416416418 0.6667321433181903 0.026602136337026506 0.06950385467422412
16.466466466466468 0.7010862487905277 0.06128902450219521 0.07227017037767627
16.516516516516518 0.7266700449285287 0.10154525952850671 0.06966854913113756
16.566566566566568 0.739337289897726 0.12677503326925538 0.0633519151044012
16.616616616616618 0.7500486342974505 0.1555041644457277 0.05925345047497506
16.666666666666668 0.7517826367893514 0.17045481375475707 0.055353685531685376
16.716716716716718 0.7441779662567034 0.17461326779623326 0.05015269953914995
16.766766766766768 0.7247775626118967 0.19480990884237273 0.046800883469512916
16.816816816816818 0.6965558465575631 0.1939478629419567 0.04750328029487429
16.866866866866868 0.6626515767549731 0.17381829734475318 0.047148456511016436
16.916916916916918 0.6201930693103893 0.13707719750251288 0.047559223865291975
16.966966966966968 0.578609001954196 0.09624548104836865 0.0446335578717141
17.017017017017018 0.5351468844103214 0.05316715087409322 0.04102278370674318
17.067067067067068 0.5000604103822166 -0.02335565647506809 0.040912839888097435
17.117117117117118 0.4725166455892395 -0.1066293774655839 0.042850101871477655
17.167167167167168 0.4647712239729725 -0.17133675229857873 0.044109769521549054
17.217217217217218 0.4677818232944062 -0.23618984009116492 0.048231958049816996
17.26726726726727 0.48215075532158236 -0.2902865925393729 0.05506523912953477
17.31731731731732 0.4957808361964735 -0.3370174562340338 0.06573479590071372
17.36736736736737 0.5137085510563397 -0.3682569558839306 0.07844050439018871
17.41741741741742 0.54495636521717 -0.38151667476828927 0.08981151904088784
17.46746746746747 0.576531406119827 -0.3917588316042839 0.10310299425063935
17.51751751751752 0.6037942756498458 -0.39112972150188946 0.11381726337411706
17.56756756756757 0.632912613616066 -0.36001186264442114 0.12376808798604946
17.61761761761762 0.6602965704931584 -0.3089341039321155 0.13486252570426036
17.66766766766767 0.6872359900622123 -0.23748773480707316 0.14777185301482165
17.71771771771772 0.7008085765393717 -0.15666064186162817 0.16186602792673982
17.76776776776777 0.7041816318736208 -0.08119124704907348 0.1757579683464451
17.81781781781782 0.7050131163004472 -0.019845005596104807 0.18330023533672266
17.86786786786787 0.7084258797660219 0.013656782888380226 0.18598915598506605
17.91791791791792 0.7051276329494951 0.021273761695133453 0.18300315459642258
17.96796796796797 0.6993718421820846 0.02222303429536511 0.17203406274676658
18.01801801801802 0.6956423978542706 -0.008645348426882572 0.1586279558153875
18.06806806806807 0.6872376718181498 -0.03924316543219772 0.14154568564028008
18.11811811811812 0.6834960957486561 -0.0791155436073626 0.12381692565932637
18.16816816816817 0.6814204340705582 -0.11998472738686632 0.1051122345394028
18.21821821821822 0.6846422936689006 -0.15564455254913395 0.08508361846419245
18.26826826826827 0.6877961492952109 -0.17503290012418288 0.06309440735846887
18.31831831831832 0.6912954661490811 -0.19659368887548234 0.036663009202740585
18.36836836836837 0.6915189981339981 -0.21545382215961395 0.010106093238266046
18.41841841841842 0.6942443719575483 -0.23814644190035225 -0.01805635310838945
18.46846846846847 0.6979079983108066 -0.26645765824292655 -0.04388007561327228
18.51851851851852 0.6991235956245953 -0.28441274647784637 -0.06867622620026731
18.56856856856857 0.6963911862534223 -0.3096397893717346 -0.0880276466108925
18.61861861861862 0.6999351739395655 -0.33990362085259374 -0.1059457172313265
18.66866866866867 0.706177931379368 -0.3675108225357265 -0.12028212795467164
18.71871871871872 0.7077456147251517 -0.39540874660485686 -0.1299713084294776
18.76876876876877 0.7051780850350383 -0.42471841996091547 -0.13206205634686577
18.81881881881882 0.709239287216027 -0.4426309567208381 -0.12640592107093918
18.86886886886887 0.7110303584576494 -0.45341575438832293 -0.11948248137435726
18.91891891891892 0.7168910952763339 -0.46894724088802653 -0.11342727926489121
18.96896896896897 0.7270907137318314 -0.48669745195468106 -0.10536693275143084
19.01901901901902 0.7400642430071461 -0.5110152068424233 -0.09636129826001265
19.06906906906907 0.7546367905764155 -0.5363294522774104 -0.08204615348978044
19.11911911911912 0.7634735233593803 -0.5617363012662501 -0.06984187261136854
19.16916916916917 0.7660924767100186 -0.5816637277812072 -0.0545731342170781
19.21921921921922 0.7696005856351534 -0.6085502914068721 -0.03799034464917893
19.26926926926927 0.773881944240344 -0.6430674955387083 -0.024387278804687263
19.31931931931932 0.7786909315547259 -0.6794763227508256 -0.008814792093792326
19.36936936936937 0.775235722081567 -0.7116063445678 0.007905367641526091
19.41941941941942 0.7706944784153833 -0.7392052164486874 0.024917520532005365
19.46946946946947 0.7679719261369433 -0.7571976895508915 0.03962590843811486
19.51951951951952 0.7640155575724187 -0.7709608850353088 0.05308287549888303
19.56956956956957 0.763461825182461 -0.7783640149497058 0.06719146245007643
19.61961961961962 0.7513587503633593 -0.7871444995725058 0.07944553519420423
19.66966966966967 0.7317247766308703 -0.7913192859270951 0.09032331011332775
19.71971971971972 0.7127296871270733 -0.7893176276979348 0.10042941055695813
19.76976976976977 0.6929712997153759 -0.7860167093952535 0.10719842607033309
19.81981981981982 0.6633495802773104 -0.7782723019155385 0.11194057656916333
19.86986986986987 0.6099376911886705 -0.766474289585882 0.11311633710294555
19.91991991991992 0.5572680629504108 -0.7470069332511031 0.11496408685809656
19.96996996996997 0.5054139285984939 -0.7203573907655699 0.11706881309531904
20.02002002002002 0.4523344588809931 -0.6848542539832131 0.11929993050546389
20.07007007007007 0.39132097409433625 -0.6488353981640583 0.12271114418077189
20.12012012012012 0.32265215746450576 -0.5992038788838601 0.1261046842065204
20.17017017017017 0.2454456265134739 -0.5372622940326791 0.1298248278256648
20.22022022022022 0.15824023480810243 -0.4640151278161363 0.13460561604364757
20.27027027027027 0.0596443310967029 -0.37802218244272706 0.13913704823175754
20.32032032032032 -0.03810759590691566 -0.2998347298171819 0.14407727167495685
20.37037037037037 -0.1336194744335261 -0.22201910065013605 0.1455543802313101
20.42042042042042 -0.22928724750231277 -0.14187850090607565 0.14644339293348882
20.47047047047047 -0.3300168290987264 -0.04198517303552913 0.14642948026231212
20.52052052052052 -0.40406021037852136 0.06480782208715741 0.14395139481173985
20.57057057057057 -0.4666854472035727 0.17209532357900595 0.13840843376494197
20.62062062062062 -0.5203527472568847 0.2742915058998317 0.1319514474382564
20.67067067067067 -0.5707207937087545 0.3814581014225543 0.12453162873582053
20.72072072072072 -0.6114798724010535 0.48262595339208375 0.11223338699741191
20.77077077077077 -0.6352226183978162 0.5747314338173246 0.09809059021955617
20.82082082082082 -0.6571448754931317 0.6509516110831611 0.08769889791913191
20.87087087087087 -0.669589426985845 0.6931210896569614 0.07845496314154365
20.92092092092092 -0.6844368182173669 0.7258484553511529 0.07165155559750501
20.97097097097097 -0.6937332376860504 0.7522472622074652 0.06573579983803342
21.02102102102102 -0.6998802000690214 0.7706192752908931 0.06126661072414268
21.07107107107107 -0.697778483266314 0.782917349040229 0.05869255651626867
21.12112112112112 -0.689796281524923 0.788511431798522 0.05797057320144844
21.17117117117117 -0.6751394324102844 0.7862467729107094 0.058815622725383036
21.22122122122122 -0.6535480793924398 0.7822556220988155 0.059721005304008326
21.27127127127127 -0.6327572968103877 0.7783541284001911 0.060816792354661725
21.32132132132132 -0.6150027751430095 0.7719911877426658 0.061662237185886114
21.371371371371374 -0.6011920662507844 0.7595984993963351 0.06283377170889877
21.421421421421424 -0.5908892494294051 0.7417258442537065 0.06327561938069298
21.471471471471475 -0.5852316915724857 0.7209423836184832 0.060036888606631145
21.521521521521525 -0.570510346650378 0.7129894719525319 0.05798421049623741
21.571571571571575 -0.5489837624499512 0.7092104020478618 0.052082000625134024
21.621621621621625 -0.5152416176131343 0.6961408154479558 0.042600453159484145
21.671671671671675 -0.4768843230418878 0.6725728204887684 0.03364858179715949
21.721721721721725 -0.4272246395198351 0.6525806937214675 0.02554247283802322
21.771771771771775 -0.36869553956007517 0.6363062218494886 0.019160829357739648
21.821821821821825 -0.3107530152760784 0.6098291811081646 0.012238490403983034
21.871871871871875 -0.24565620874933908 0.5756596087502042 0.0033512992012759302
21.921921921921925 -0.18124973571138944 0.5432296391823949 -0.007861985147985641
21.971971971971975 -0.12064672306728018 0.5120418427471973 -0.021323869233779477
22.022022022022025 -0.0703706744086173 0.4695686332887832 -0.03508400263103378
22.072072072072075 -0.029435406299540435 0.42058365607978987 -0.04677202979580078
22.122122122122125 0.010008838138944855 0.3740022115230107 -0.05788186176378309
22.172172172172175 0.04408952700724173 0.32845828420856354 -0.06846223723236315
22.222222222222225 0.07491263602828273 0.2961714073081712 -0.0772769261252475
22.272272272272275 0.09710120386699987 0.2787717628449572 -0.07985014032930497
22.322322322322325 0.12745417368891648 0.2523113956712025 -0.0806385742612682
22.372372372372375 0.14884875959807228 0.24658359164444701 -0.07852889272563282
22.422422422422425 0.17268562793543582 0.2298103287621575 -0.07241487981156323
22.472472472472475 0.2035510324312838 0.19965837222522165 -0.06317620826570015
22.522522522522525 0.21992085564591946 0.17809445923352155 -0.05711475718037594
22.572572572572575 0.22880075321534027 0.16433144756314402 -0.05306135164343175
22.622622622622625 0.23368186529687893 0.15530977510436655 -0.04939036226362545
22.672672672672675 0.22959289844834543 0.1444063711661539 -0.049993349955316777
22.722722722722725 0.22639539402612296 0.13762325859111738 -0.05134673097092324
22.772772772772775 0.20898331896158023 0.13434647308561457 -0.05073833648604525
22.822822822822825 0.18149234203766199 0.1374111226241033 -0.04920283604065413
22.872872872872875 0.14373897994782123 0.1472516394767524 -0.04858814423973781
22.922922922922925 0.1038776092955581 0.15122205597876454 -0.0499768123686465
22.972972972972975 0.052902413201597685 0.1581363798067822 -0.05189286327932921
23.023023023023026 0.001433659176523954 0.16087132464505172 -0.0540291793894745
23.073073073073076 -0.05348903624301453 0.15728096020317892 -0.052595214661023904
23.123123123123126 -0.11047922075231338 0.14212352922960073 -0.05359894382322002
23.173173173173176 -0.1832609962773714 0.1278506400943969 -0.05505767815227469
23.223223223223226 -0.24470848855251898 0.11841689816051042 -0.05703598776160435
23.273273273273276 -0.302296826078107 0.11583963488443297 -0.058571151029330124
23.323323323323326 -0.34970749674863205 0.10747747680427036 -0.060037655683340886
23.373373373373376 -0.3775167463068259 0.10560473820236554 -0.057733477431052
23.423423423423426 -0.3972394088059416 0.11988182634929301 -0.05410282324868051
23.473473473473476 -0.4091725138232166 0.13961136981820677 -0.050813678667277484
23.523523523523526 -0.42787474365065375 0.16464589533635618 -0.04912822468750313
23.573573573573576 -0.44628144220970356 0.1833855421261092 -0.05097143773707265
23.623623623623626 -0.45086112700443437 0.2150248367743883 -0.05318135395343152
23.673673673673676 -0.43592119237756155 0.2621237965776109 -0.04944882309906532
23.723723723723726 -0.415080132971097 0.31772191470237804 -0.0409491280150245
23.773773773773776 -0.3734604661372789 0.3723593351917305 -0.033529560918186006
23.823823823823826 -0.32960602457620075 0.41909647342388184 -0.025803021989658583
23.873873873873876 -0.29386656627851243 0.47994719851020873 -0.01524112104557031
23.923923923923926 -0.26544899322476 0.5394119212041615 -0.004065930107869004
23.973973973973976 -0.24602167269134798 0.5806665750712192 0.013021699509826958
24.024024024024026 -0.23263602558209936 0.6024007996982169 0.03203975831855759
24.074074074074076 -0.22035906229882907 0.6261877449712394 0.050149192354634956
24.124124124124126 -0.21638067119791415 0.6466169535230201 0.06898193073159783
24.174174174174176 -0.218952542505059 0.665220627734727 0.08666355873117287
24.224224224224226 -0.2154839079010086 0.6764832529837731 0.10161366570913384
24.274274274274276 -0.20481321154710563 0.6776958777905931 0.11233933465873093
24.324324324324326 -0.20077673867671744 0.6754584679389664 0.12181553150244318
24.374374374374376 -0.21025908397190826 0.6678435203100725 0.12571746706010029
24.424424424424426 -0.22352306391025534 0.6588547993314151 0.12519916428389424
24.474474474474476 -0.22610033794828138 0.6550460589002485 0.12162589277013891
24.524524524524526 -0.2391541780629327 0.6644770399672272 0.11450804173386568
24.574574574574577 -0.25030768156552274 0.6834755820245629 0.10607281907787794
24.624624624624627 -0.2637902137766962 0.7110014883311642 0.09827397118789864
24.674674674674677 -0.282652550850187 0.7316566556581304 0.08626318969006061
24.724724724724727 -0.3080432823578305 0.7491699821492623 0.07350953907843884
24.774774774774777 -0.333923969374775 0.7642249304086698 0.062201327636844085
24.824824824824827 -0.34752690185377083 0.7752092322724216 0.05063854330278571
24.874874874874877 -0.36013801322551187 0.7818015605296029 0.04531767750056632
24.924924924924927 -0.3659751877930469 0.7845519847998843 0.041359326321236595
24.974974974974977 -0.36544989737467304 0.7872059679973703 0.03928885427586322
25.025025025025027 -0.3634362895582805 0.7896233315321592 0.04139901401231311
25.075075075075077 -0.3537883864614723 0.7917713363765301 0.043472688835400966
25.125125125125127 -0.3396834335246748 0.793370763191801 0.05084383403486022
25.175175175175177 -0.3249672298212086 0.7937095731669137 0.06043671877805827
25.225225225225227 -0.3086148809286495 0.795797931984239 0.06815864044734139
25.275275275275277 -0.2816957993981704 0.7931829111463508 0.0731460052388804
25.325325325325327 -0.25403629860390914 0.7879342962087654 0.08177074109258563
25.375375375375377 -0.2300484839441489 0.7779479116101138 0.09024902650596468
25.425425425425427 -0.1981367155430191 0.7641897880685774 0.09542497753425863
25.475475475475477 -0.16584811325957022 0.752356196478382 0.09770529242235804
25.525525525525527 -0.15022808781805289 0.731928014213264 0.09837445853558657
25.575575575575577 -0.14718063584151614 0.7090155494998898 0.09664377215552611
25.625625625625627 -0.15501236634686874 0.6867482124031719 0.09457097952897658
25.675675675675677 -0.18132692129640263 0.6619037184703097 0.09044032259221657
25.725725725725727 -0.21876319192393184 0.6428557201926807 0.08618618909381436
25.775775775775777 -0.2588625833826661 0.6162543848835095 0.07838792206188623
25.825825825825827 -0.28210695166805616 0.5861451178654276 0.06998346259855216
25.875875875875877 -0.2992352004077494 0.5612141696977064 0.06601471802780244
25.925925925925927 -0.3061651665523704 0.5307601608779089 0.06025854271905092
25.975975975975977 -0.3055742216507632 0.5084506598703347 0.04836052306666577
26.026026026026027 -0.30353923393199506 0.4944392043236752 0.041680120104035843
26.076076076076077 -0.28921865510874994 0.4805292480088613 0.035456280580703305
26.126126126126128 -0.2728391351679584 0.4703711960804394 0.03164558769882462
26.176176176176178 -0.24568455705705347 0.4643449130220615 0.027378273195976695
26.226226226226228 -0.22271664074703323 0.45168665276248593 0.01702989016250385
26.276276276276278 -0.18026966483867737 0.45191537483529826 0.008288835971206884
26.326326326326328 -0.14026534973115887 0.44430094756805283 0.0023680787600245325
26.376376376376378 -0.09587722187940644 0.42986334307158813 -0.0028936822172722335
26.426426426426428 -0.06047436484373412 0.4313997305620332 -0.011984121397654325
26.476476476476478 -0.018829606358675907 0.42446241980031235 -0.01754567646883854
26.526526526526528 0.014124357963821978 0.4275015929010207 -0.021773455746039748
26.576576576576578 0.038632817015125255 0.4360134102203123 -0.024502959572657967
26.626626626626628 0.06494072087254944 0.4513756469890948 -0.026174604670710647
26.676676676676678 0.09291974882073063 0.4647799155501305 -0.029692694711849453
26.726726726726728 0.12149910478073997 0.47992868530621874 -0.033738973012579956
26.776776776776778 0.148989045614338 0.4994088324991146 -0.043501269726452664
26.826826826826828 0.17126589220756547 0.5087646847457978 -0.05519332360252637
26.876876876876878 0.19351041945662664 0.5093955752934486 -0.06527424357273995
26.926926926926928 0.19858122711152695 0.5125097107653468 -0.07799536420643863
26.976976976976978 0.2126827022677804 0.5159454517411567 -0.09152048364214306
27.027027027027028 0.23722165190557604 0.5316154607337066 -0.10799210923390368
27.077077077077078 0.258461257597074 0.5512636493521028 -0.12399056967667973
27.127127127127128 0.26998347279317825 0.5706393322068363 -0.13742799319331112
27.177177177177178 0.2676768138494476 0.5822832269968093 -0.14638818496023154
27.227227227227228 0.2736921985670483 0.5912623313897327 -0.14988911526926757
27.27727727727728 0.2603680001174434 0.5970440997265466 -0.15055900397147381
27.32732732732733 0.2413102107156023 0.6021863358664965 -0.15529448067290016
27.37737737737738 0.20613810000025667 0.6029709436691404 -0.15455445927721612
27.42742742742743 0.16058096346664993 0.5950062584180595 -0.14332907310645068
27.47747747747748 0.12596084345219885 0.5856451192194546 -0.1309687820200636
27.52752752752753 0.09296937199162497 0.5666403284356187 -0.12217743561413177
27.57757757757758 0.06547282787899364 0.5395714747027085 -0.11663290288400083
27.62762762762763 0.016020235979061822 0.5080251159925915 -0.1130082367891305
27.67767767767768 -0.05548775466923403 0.4856466016670618 -0.11370148089111247
27.72772772772773 -0.10444497846016197 0.4577674823434583 -0.11912972201215696
27.77777777777778 -0.1358606018106284 0.41370485713332616 -0.12824356409436902
27.82782782782783 -0.16059903680391915 0.3611038076572536 -0.1434451588709544
27.87787787787788 -0.18351958039418378 0.30824761698038405 -0.16387792228296005
27.92792792792793 -0.20533189034777885 0.26741379362087575 -0.1908970604088011
27.97797797797798 -0.23064536070757424 0.2337555392201601 -0.22533187502167804
28.02802802802803 -0.2516513380608831 0.21275369785097903 -0.25944179862047284
28.07807807807808 -0.2656016563789178 0.1876620475121125 -0.29507614735786697
28.12812812812813 -0.2839007913446128 0.17243905360832104 -0.32023374818779693
28.17817817817818 -0.29568944294467986 0.1576285913624199 -0.33068198355357487
28.22822822822823 -0.29745953234498806 0.13734802510217084 -0.3365491660840679
28.27827827827828 -0.2914618735600694 0.11046623802430229 -0.3404838202857957
28.32832832832833 -0.2777699806793874 0.08874982168379904 -0.34344942912456516
28.37837837837838 -0.2624136279461247 0.07134752002159837 -0.341546956816987
28.42842842842843 -0.25130484661841435 0.05650083685492527 -0.3319961115065369
28.47847847847848 -0.2439808747855151 0.0560554542539093 -0.3168187367078521
28.52852852852853 -0.23560030570433063 0.06979712480708351 -0.2994136744351674
28.57857857857858 -0.23881059692538556 0.0777107016340563 -0.2782138497694507
28.62862862862863 -0.24662699101429933 0.06939975203945638 -0.2540372800741914
28.67867867867868 -0.25498852207944467 0.05130180800500129 -0.22976584297051444
28.72872872872873 -0.2653313355811523 0.05390125703469832 -0.2115718574578294
28.77877877877878 -0.2619704985151627 0.04285063097676935 -0.2015736952859408
28.82882882882883 -0.2615284446024991 0.026041572164875976 -0.1893342410036109
28.87887887887888 -0.2533619475445903 0.015947258002250695 -0.16823325983575968
28.92892892892893 -0.23790557026911882 -0.005696870669413289 -0.14707400862604933
28.97897897897898 -0.20553205063921628 -0.014694798113516677 -0.12401811132505908
29.02902902902903 -0.16151973392313554 -0.01839297857822406 -0.10240744319233436
29.07907907907908 -0.12519493623235986 -0.016302570809208956 -0.08419441503662722
29.12912912912913 -0.09617031906133604 -0.02235779176719115 -0.07356731518888307
29.17917917917918 -0.07350323213195903 -0.020765819198013916 -0.054058252420868716
29.22922922922923 -0.05973352160612921 -0.014634609319458307 -0.03409306807000072
29.27927927927928 -0.04538636765366196 -0.007572545725968148 -0.012529736378993494
29.32932932932933 -0.037220298073708344 -0.0032949573887735817 0.004201950596285734
29.37937937937938 -0.025458296505108145 -0.0021242409512126836 0.0275295894428954
29.42942942942943 -0.012808833117833842 0.0010676418258538168 0.05122117529135772
29.47947947947948 0.00966379111879383 0.018238288830441252 0.07461960904372798
29.52952952952953 0.03742620210752252 0.041213917402264495 0.0924518081303527
29.57957957957958 0.0602331168886978 0.054514582745249056 0.09399426744825178
29.62962962962963 0.08564262340366066 0.06255394050106851 0.09361330689924842
29.67967967967968 0.12020281924135319 0.06356296612655495 0.09130427237122442
29.72972972972973 0.1575751494636309 0.07742500309005322 0.09630987342601716
29.77977977977978 0.196049534062919 0.0881991682303646 0.09154299956177926
29.82982982982983 0.23955887118835278 0.0993693937763577 0.07938166540123509
29.87987987987988 0.28402774796428654 0.11273765372908046 0.07124583416413846
29.929929929929934 0.3290177738258156 0.126294571465538 0.0614800862727911
29.979979979979984 0.3702638810424896 0.1423998155641163 0.04927777549665828
30.030030030030034 0.4130325303536891 0.14314758501666178 0.049338204190556435
30.080080080080084 0.44942044759163613 0.1298106027387518 0.045199168867294526
30.130130130130134 0.4818840436086541 0.12484283685756183 0.037571648843620374
30.180180180180184 0.517750810460482 0.12027547590767919 0.030537899706681457
30.230230230230234 0.5579576382642254 0.12319675678118831 0.02841337264423416
30.280280280280284 0.600930840755097 0.11392018817467597 0.025961893438588388
30.330330330330334 0.6399804055530416 0.09325455103608613 0.029185684851986422
30.380380380380384 0.6702373002515268 0.07574206194672083 0.03173956619170978
30.430430430430434 0.6915823439294606 0.0515069899551765 0.03412701153653282
30.480480480480484 0.7024932286899264 0.025344493381240334 0.03717566818691433
30.530530530530534 0.7089326620524065 -0.0074432961522849245 0.04049257934644417
30.580580580580584 0.7112918724554542 -0.04251097291910163 0.04716295759237649
30.630630630630634 0.7119030637137967 -0.07273824781071152 0.052207085110017454
30.680680680680684 0.7137130887461485 -0.1046466296885621 0.05377264092265105
30.730730730730734 0.7159016164823256 -0.12370711871481715 0.05200258416939537
30.780780780780784 0.7200359537468931 -0.14490825010773614 0.048144550296619806
30.830830830830834 0.7239340403964056 -0.15926189929438295 0.04697129603892261
30.880880880880884 0.7308370180174727 -0.1631199006859214 0.04472797181095052
30.930930930930934 0.7300619634360414 -0.1569152241050653 0.04687759211226943
30.980980980980984 0.7234944580816187 -0.16218542390742338 0.04834465565044841
31.031031031031034 0.7099649635228319 -0.16984545274503335 0.04200276801706617
31.081081081081084 0.6923368145925983 -0.1761490690961579 0.030476641473321357
31.131131131131134 0.6697198594078294 -0.19275403110956027 0.017165728077401576
31.181181181181184 0.6397819478723529 -0.2155949999099857 0.017373706123841825
31.231231231231234 0.6059439885697315 -0.24214174394385443 0.02747362936558395
31.281281281281284 0.5597972185286602 -0.2666598109617486 0.03574780074458028
31.331331331331334 0.5098046289046919 -0.28495248374708254 0.04263650493749912
31.381381381381384 0.46125278216667875 -0.3025084649962257 0.045601295941986385
31.431431431431434 0.4177912163714812 -0.31232075694996986 0.045378843727336436
31.481481481481485 0.38951492747209143 -0.313297528379259 0.05305696757036776
31.531531531531535 0.36005073492895157 -0.30420785665332795 0.06676578728423864
31.581581581581585 0.3330919822933309 -0.2914512239541132 0.0816298282454689
31.631631631631635 0.31070448018900065 -0.27419977008644236 0.0920165581219552
31.681681681681685 0.29561898243296086 -0.2617135926042576 0.10034704850945145
31.731731731731735 0.3031306889427079 -0.23659070042274025 0.1089409986770734
31.781781781781785 0.30543513837595204 -0.21550321624772806 0.11535944836920757
31.831831831831835 0.30680092109819534 -0.18836882096054167 0.11665100968678278
31.881881881881885 0.3004370728989954 -0.16490211406666616 0.11466751151956303
31.931931931931935 0.28880261473432695 -0.14342125667823497 0.11541838013588199
31.981981981981985 0.2854312959476212 -0.12078605958836026 0.10369753783072999
32.032032032032035 0.2931149186808589 -0.09218607202556561 0.07460892656478206
32.08208208208208 0.29223689020826876 -0.07825146537454362 0.04342583763704778
32.132132132132135 0.278768217557027 -0.080641088484546 0.018366430575602152
32.18218218218218 0.2666163679446466 -0.09488794212672777 -0.0019442525912372886
32.232232232232235 0.2444078903496239 -0.11236597409768845 -0.0196865297355584
32.28228228228228 0.2211283579216943 -0.1244571379063083 -0.032164409580977764
32.332332332332335 0.19878976564216738 -0.13118352926697446 -0.024240298828072854
32.38238238238238 0.17401102320880657 -0.13804984696131467 -0.014386019250649829
32.432432432432435 0.14428758540257067 -0.13562552398140332 -0.008198629746304314
32.48248248248248 0.1009835529628673 -0.13299838880730577 -0.0002174552313944703
32.532532532532535 0.06660683599623943 -0.12578724089374407 0.0034540537780891473
32.58258258258258 0.034133483529588254 -0.11521670994094597 0.010997904439998025
32.632632632632635 0.002163752065743651 -0.10738323085647504 0.02572635518414704
32.68268268268268 -0.00674797565588357 -0.0996062003047146 0.03903533005113916
32.732732732732735 0.013065165733209446 -0.08464653147906329 0.050209651247166115
32.78278278278278 0.02899481556501125 -0.06603952439897194 0.06349660816080666
32.832832832832835 0.031144721812332268 -0.03981041980117852 0.07013664181300618
32.88288288288288 0.02631558101648369 -0.01692868903891824 0.07597699215347677
32.932932932932935 0.02733995418968067 0.005601615674152201 0.0816150623136523
32.98298298298298 0.038997244309670276 0.019572286373018364 0.08429013636524073
33.033033033033036 0.05184533806828244 0.02646645156063456 0.0889306367604091
33.08308308308308 0.05666940517571038 0.04033206814256099 0.09181377383957903
33.133133133133136 0.06427369665927442 0.04419534678308364 0.08920672286572386
33.18318318318318 0.06427095418999113 0.05167272686877098 0.08260719097287865
33.233233233233236 0.06697744762366942 0.04927636835896467 0.07713783092702019
33.28328328328328 0.06485024544193647 0.04136415789820249 0.07507715974353445
33.333333333333336 0.05753153701060672 0.030695592272900363 0.06264620785974247
33.38338338338338 0.05078497247233678 0.015559166144232313 0.0482927286839139
33.433433433433436 0.034119069535030064 0.0013554605701635615 0.03137087297193606
33.48348348348348 0.014344989754769185 -0.029425051247110336 0.009002447066225336
33.533533533533536 -0.025484337911586052 -0.0758348441340341 -0.021505411059801156
33.58358358358358 -0.07517315875756192 -0.12449273077877307 -0.050819080860688204
33.633633633633636 -0.1296352950446707 -0.18459067518686706 -0.08457654499694514
33.68368368368368 -0.1813054922823628 -0.2303864064121333 -0.12191406848056828
33.733733733733736 -0.23047389756985806 -0.2664188819533014 -0.15776846065439418
33.78378378378378 -0.2818097764001506 -0.2885164691089935 -0.19748496964247778
33.833833833833836 -0.32252058887360996 -0.2972214864496836 -0.2446243097851805
33.88388388388388 -0.35248971895563735 -0.29354070575378155 -0.28526977945448273
33.933933933933936 -0.37592112733435357 -0.2871749226578305 -0.3310352899353839
33.98398398398398 -0.3972443533052518 -0.2657645871111667 -0.373145994585367
34.034034034034036 -0.41149240521283514 -0.22803612776496504 -0.4121217840924556
34.08408408408408 -0.41575504566345245 -0.18052156593814206 -0.4476531299436501
34.134134134134136 -0.4181202117786825 -0.14080041413169112 -0.48273719256170994
34.18418418418419 -0.43374252801499086 -0.09290429292329568 -0.5075785273322214
34.234234234234236 -0.44379953554264506 -0.05235968601532433 -0.525453830201161
34.28428428428429 -0.4379127228457467 -0.0012216649735275068 -0.5362825979243231
34.334334334334336 -0.4401809981945464 0.05370750611881203 -0.5371090423216924
34.38438438438439 -0.44838975855399815 0.10980671970431859 -0.529699708407221
34.434434434434436 -0.4564243168213827 0.17307403733910676 -0.520581476995924
34.48448448448449 -0.44972592398930317 0.232028779680782 -0.5070719143665099
34.53453453453454 -0.4565703267429119 0.2895969588831744 -0.4944999440145246
34.58458458458459 -0.4640401307505273 0.3494831361184431 -0.47857108058305464
34.63463463463464 -0.4655789777007454 0.4055535891358413 -0.45853395591698237
34.68468468468469 -0.4639836357378014 0.47029574253262174 -0.43574757967564937
34.73473473473474 -0.4603273977825444 0.5311933079540577 -0.42063440265007723
34.78478478478479 -0.4672546361221636 0.5821317279423548 -0.4105175124275557
34.83483483483484 -0.4843946679184905 0.6235882532314195 -0.4013150332143077
34.88488488488489 -0.4966086943228424 0.6573480844270121 -0.3945202300237048
34.93493493493494 -0.5047654098176138 0.6861479215258458 -0.38965574313682727
34.98498498498499 -0.5086806503225458 0.710046400626514 -0.3830954425632607
35.03503503503504 -0.5202113133157095 0.7332402313462796 -0.3698185444761243
35.08508508508509 -0.5352593364058883 0.7549445506507373 -0.3581825281595002
35.13513513513514 -0.5453744528276472 0.7696160521889566 -0.3464437725686771
35.18518518518519 -0.5460207508504193 0.7781666714564176 -0.33262241638548207
35.23523523523524 -0.5393159663078979 0.7803795724625693 -0.3179528977289791
35.28528528528529 -0.5332828155164087 0.7762640108089249 -0.30443983234210825
35.33533533533534 -0.5281485509966519 0.7683227503861478 -0.28840470381319855
35.38538538538539 -0.5168197695587083 0.7595660859177874 -0.27148642707167503
35.43543543543544 -0.5078272492435194 0.7505957495345771 -0.24433533992389234
35.48548548548549 -0.5046550699368404 0.7443831330172769 -0.2161912942894709
35.53553553553554 -0.4989090207308621 0.7413120480862943 -0.18957249342499474
35.58558558558559 -0.48479383536516574 0.7434956696357412 -0.16328352446190167
35.63563563563564 -0.470777334869828 0.7540889561115317 -0.1420710132248713
35.68568568568569 -0.45452728389501545 0.7579417685327632 -0.12818876811569566
35.73573573573574 -0.44669438410723183 0.7563992024736949 -0.11498497579206941
35.78578578578579 -0.4287282325182977 0.7515141868842748 -0.09755073602161897
35.83583583583584 -0.4062053749779999 0.7334045400397371 -0.08838908927950985
35.88588588588589 -0.38778710406580547 0.7135402039386598 -0.08115219419446532
35.93593593593594 -0.3453856023006464 0.6932737417298698 -0.07898901732051118
35.98598598598599 -0.30075017797060205 0.664435961957175 -0.08912233986428546
36.03603603603604 -0.24969359991024975 0.6325095822809451 -0.1043010192282271
36.08608608608609 -0.19579594747460485 0.595516304453669 -0.12215042307728131
36.13613613613614 -0.13883741162222812 0.5534933564383543 -0.14627593741600234
36.18618618618619 -0.07304159262872052 0.5182078976665013 -0.18282298683743572
36.23623623623624 -0.002401927708029861 0.4920800607283287 -0.21662291378843673
36.28628628628629 0.08000786787755168 0.4591818203951688 -0.24548759398818004
36.33633633633634 0.16277649948863074 0.4169809736435371 -0.2602286957949251
36.38638638638639 0.2510524356392071 0.3793047272025831 -0.27063594518829215
36.43643643643644 0.3135141227830285 0.3470445165868553 -0.27707878822450466
36.48648648648649 0.3609557552774824 0.3206012304049146 -0.283580681304507
36.53653653653654 0.39716311716430164 0.30340854067971024 -0.2996194281022697
36.58658658658659 0.4273172635198165 0.2887081109995275 -0.3182143614474103
36.63663663663664 0.44524223871384827 0.285618895973978 -0.3360272174422577
36.68668668668669 0.45157215137150597 0.2848218407627531 -0.3555472209409034
36.73673673673674 0.44706825450486576 0.28931301832114165 -0.37432513283962
36.78678678678679 0.4247999526602142 0.28146695160613877 -0.39699150368054925
36.83683683683684 0.40208791334457383 0.27119368622736517 -0.4120968562101194
36.88688688688689 0.3723232414175671 0.26455111402490145 -0.42613994917899334
36.93693693693694 0.3486760499122689 0.26449732196595344 -0.42867875339484407
36.98698698698699 0.3257083771551836 0.26840130924294675 -0.4160899282493417
37.03703703703704 0.29597468922761194 0.28787154777168267 -0.4011183427231101
37.08708708708709 0.2689170614502495 0.32354139944732124 -0.3797844923817157
37.13713713713714 0.26139948451468126 0.36835914380533435 -0.3431795574902222
37.18718718718719 0.2662452068708743 0.4085489183091066 -0.30098794490386416
37.23723723723724 0.27144505013425424 0.4503400379497737 -0.25014447511567706
37.28728728728729 0.2789996429845931 0.47875527334269036 -0.20655804121116553
37.33733733733734 0.2921514113896758 0.5066599398659345 -0.16226419052560617
37.38738738738739 0.3180939327676291 0.5343173928853672 -0.11104851987782302
37.43743743743744 0.3617385248893182 0.5565787705513932 -0.0650341814920527
37.48748748748749 0.4086080257152106 0.579380305700523 -0.025300485028730918
37.53753753753754 0.4423162167873189 0.5940336488514713 0.016415257701578274
37.58758758758759 0.4704492027464653 0.6186887728424987 0.058580716101969334
37.63763763763764 0.4779077240507835 0.6421163665235795 0.08978768475027377
37.68768768768769 0.4853052501382593 0.6609305682700354 0.12190640766802487
37.73773773773774 0.49581039217632317 0.6730444552203411 0.1547224348379879
37.78778778778779 0.5000877534248267 0.6801803030822765 0.18971772271251444
37.83783783783784 0.49762029715738165 0.683110123185084 0.23215446746583435
37.88788788788789 0.48902740172910314 0.6844556214858162 0.26708040325335364
37.93793793793794 0.4724165425698796 0.6926924154459941 0.30138942083409936
37.98798798798799 0.44880317451162444 0.7028634382757749 0.33206266240668986
38.03803803803804 0.42311812955527 0.7064948115060261 0.35878304826081764
38.08808808808809 0.4061750549716909 0.7042535044867362 0.3773727299331446
38.13813813813814 0.3954782877333219 0.6963745331429797 0.38731230148992524
38.18818818818819 0.38744447256343095 0.68390619644428 0.38889192375951637
38.23823823823824 0.37405695150834756 0.6676238163382401 0.3855425466670517
38.28828828828829 0.3643599894302834 0.6489663600091086 0.38300238309517853
38.33833833833834 0.3681250274640433 0.6255841380425673 0.37524866111871186
38.38838838838839 0.3716341127995883 0.5943677874494705 0.36511479417094894
38.43843843843844 0.37698316039427787 0.5587788397748541 0.35377797649977283
38.48848848848849 0.3707729832303802 0.5301617987929192 0.34014286461994353
38.53853853853854 0.3652327139296288 0.5114118946732513 0.32790506899033717
38.58858858858859 0.36039354462316364 0.4920816667140155 0.3193220912826013
38.63863863863864 0.3561382559867221 0.48337166850012825 0.3053253378571028
38.68868868868869 0.3484314574180109 0.48433442003037913 0.291461035466107
38.73873873873874 0.3418047488730503 0.4876561231904707 0.27548139502971775
38.78878878878879 0.33580082287862023 0.480776246998808 0.2629384453539646
38.83883883883884 0.3214854081772342 0.47197523915902145 0.2436927175995164
38.88888888888889 0.3020631614395968 0.463550753267731 0.2223412184270569
38.93893893893894 0.28030191650711006 0.47094940095422616 0.19988898078742065
38.98898898898899 0.261150677783159 0.48289971948700017 0.18081261361154374
39.03903903903904 0.24317312759050594 0.5021958296255152 0.16464296040151286
39.08908908908909 0.2382192364368162 0.5390228842632494 0.15097534509732635
39.13913913913914 0.24684872591843957 0.5865858353446763 0.13740525162929798
39.18918918918919 0.2743387011439939 0.6281465057890044 0.12330100674720836
39.23923923923924 0.32428420881938747 0.6525074598213553 0.111621018383697
39.28928928928929 0.3869191967180979 0.6726514532880162 0.1093207085031889
39.33933933933934 0.4368678636074364 0.6896673473018792 0.11231901261114693
39.38938938938939 0.4835646307938163 0.7042975204025995 0.12051845746175686
39.43943943943944 0.5279695851808739 0.7183206268689546 0.12811199969845039
39.48948948948949 0.5536953774503935 0.7208638372144186 0.14446777746723632
39.53953953953954 0.5776614518826461 0.718432242537781 0.16353884009650582
39.58958958958959 0.5996022869554426 0.7161600258128848 0.172919485461952
39.63963963963964 0.6101832785816438 0.7075128159496114 0.17340872344904099
39.68968968968969 0.5987317664842442 0.6924213962914479 0.17283868846916664
39.73973973973974 0.5738282407789106 0.6662025753578966 0.16545518739716686
39.78978978978979 0.5442051888763763 0.6337484986434295 0.15518589996793825
39.83983983983984 0.4950530929828004 0.5929460037990261 0.1500663774576108
39.88988988988989 0.44402595536729517 0.550564137067548 0.15138655854519564
39.93993993993994 0.4008913730044814 0.5094701990733154 0.14996912307953106
39.98998998998999 0.3407847264182026 0.46534066262142454 0.14635160504667627
40.04004004004004 0.24579867108905779 0.41676145014046534 0.14976049131295566
40.090090090090094 0.14228904970498174 0.3563809610384804 0.16227543238131262
40.14014014014014 0.03333222848862204 0.2933335960640814 0.17472663219025725
40.190190190190194 -0.07855241866472691 0.23540439841288693 0.19236305904236092
40.24024024024024 -0.19468946001094511 0.17304513510171282 0.2120138046951499
40.290290290290294 -0.3066262115555017 0.09611028305520215 0.2251039597278539
40.34034034034034 -0.41469555840202044 0.001386174798552273 0.24711798336779153
40.390390390390394 -0.5062407034059495 -0.08985169612043264 0.28076452026395443
40.44044044044044 -0.5756866561774919 -0.17770282238129156 0.3215746014972542
40.490490490490494 -0.6289332139738034 -0.2603536518943865 0.37109082376285196
40.54054054054054 -0.6735924541882572 -0.3381794839994056 0.40493375702458245
40.590590590590594 -0.7193855190326048 -0.3992358826043385 0.4375508998738315
40.64064064064064 -0.7515266662621899 -0.44620510467110897 0.4695420090813382
40.690690690690694 -0.7801456006762642 -0.4957266294438461 0.4919606887925333
40.74074074074074 -0.8009766933383228 -0.5181929371264478 0.5008153910225498
40.790790790790794 -0.8145951798732627 -0.5144417736328902 0.4993772262352078
40.84084084084084 -0.8252601598267819 -0.48802331825695683 0.4928920270488978
40.890890890890894 -0.8293738253735085 -0.45325426322789114 0.48925167043163537
40.94094094094094 -0.8300859211453367 -0.420458551715142 0.4885808926636214
40.990990990990994 -0.823891242270833 -0.3808496381442959 0.4941955609107297
41.04104104104104 -0.8168255744686099 -0.3497649770658732 0.5011083772683984
41.091091091091094 -0.8111386875862567 -0.30834533535351943 0.5105897569826795
41.14114114114114 -0.80866112429788 -0.2583458562630533 0.5241427635902625
41.191191191191194 -0.8058858691109649 -0.20630324357594937 0.5320229535318011
41.24124124124124 -0.8019529063818022 -0.14937479398194678 0.5353750374765033
41.291291291291294 -0.7904642033030336 -0.10005286951789985 0.5420555490394886
41.34134134134134 -0.7769854915866862 -0.05401899459229836 0.5449656324577246
41.391391391391394 -0.7597801658316659 -0.021366495481390954 0.538005889932468
41.44144144144144 -0.749954088160966 -0.005194327523031207 0.5321555616037814
41.491491491491495 -0.7385874703418629 0.0025629409257164597 0.5303449966991164
41.54154154154154 -0.7208032004534267 -0.005125673356020105 0.5368270915559451
41.591591591591595 -0.7013095133773395 -0.012274116025607275 0.5475135754334007
41.64164164164164 -0.6739658645069021 -0.026073610952633983 0.5567304279215005
41.691691691691695 -0.6331493570733088 -0.0645173508983922 0.5550113066436559
41.74174174174174 -0.5844100047583898 -0.11437216611477517 0.5488471528191688
41.791791791791795 -0.5133269132081159 -0.17140448433794814 0.5452063089522149
41.84184184184184 -0.42137339394038364 -0.2148621645249669 0.5326991967101323
41.891891891891895 -0.33110950354582713 -0.2510019119475961 0.5072416994447609
41.94194194194194 -0.23672354799611509 -0.2527080869582471 0.47851760223613543
41.991991991991995 -0.13662309704037817 -0.2463015379908803 0.4424781689726699
42.04204204204204 -0.03971676794769751 -0.23476563417296858 0.40719702109170014
42.092092092092095 0.041281321749449616 -0.2214910015503765 0.3640075731929499
42.14214214214214 0.10753687067818285 -0.2252973209687453 0.3324212762179934
42.192192192192195 0.1687064097955431 -0.20691051474378444 0.3030382129948914
42.24224224224224 0.21248767170149974 -0.1706532574900007 0.27219751662811764
42.292292292292295 0.2566880354960914 -0.1311275010411234 0.2342168588646842
42.34234234234234 0.28628089502447446 -0.08886829636074503 0.1953320548023474
42.392392392392395 0.3047481770354957 -0.05183047000538995 0.17397935199938325
42.44244244244244 0.3143058557332953 -0.023328954248816543 0.15725243119797022
42.492492492492495 0.3112254704362335 -0.0016372428800198971 0.15471255703274678
42.54254254254254 0.3153348815709069 0.002379932693502881 0.14653642513055834
42.592592592592595 0.3164483933666411 0.007294679754673877 0.14076900833228415
42.64264264264264 0.30227750117051555 0.020996153052555765 0.13827388028130858
42.692692692692695 0.27869105286730544 0.02602418906668023 0.13287075678578683
42.74274274274275 0.2555453532147609 0.03295761865407153 0.1304808988326748
42.792792792792795 0.24028676119124212 0.020760901009994538 0.12035863958251677
42.84284284284285 0.22670571483060942 0.009319412950903433 0.11207413005041485
42.892892892892895 0.1995678880974704 -0.014918918261510941 0.098645382747727
42.94294294294295 0.16226201502081192 -0.05420633861323134 0.08984251663944515
42.992992992992995 0.1277581726245128 -0.0843986370886154 0.08309787573529188
43.04304304304305 0.09719395372840665 -0.10348197612978154 0.07081462145612513
43.093093093093096 0.05738233963820408 -0.11626692034035116 0.05421769483920984
43.14314314314315 0.023523225589994715 -0.11679386656973982 0.032440619303551375
43.193193193193196 -0.012038764640675463 -0.10384527043481691 0.008170023833305142
43.24324324324325 -0.05234861244129273 -0.10192388423256758 -0.011980745533717183
43.293293293293296 -0.10117360929575432 -0.09111621713658494 -0.03168731848702539
43.34334334334335 -0.1535013482496181 -0.06368526674384968 -0.05583249454584184
43.393393393393396 -0.18915698641791656 -0.031209186952633708 -0.07967211017814334
43.44344344344345 -0.2147202263574583 0.001092137827654849 -0.0980368048550688
43.493493493493496 -0.23708973773894412 0.04594523988347831 -0.10529002851639767
43.54354354354355 -0.2582663699305537 0.08990739835570062 -0.1159544991202291
43.593593593593596 -0.27791717211338296 0.12203448908477478 -0.11985244989651432
43.64364364364365 -0.2909015447883927 0.14586389081005213 -0.12738523428353668
43.693693693693696 -0.28922392831278665 0.1807331666417009 -0.14208680287685913
43.74374374374375 -0.27790391375074025 0.2287134398206476 -0.1600317458691571
43.793793793793796 -0.2882045642036594 0.2908489676155404 -0.17618276926172907
43.84384384384385 -0.29404113030850165 0.34879254049718333 -0.19799394395198258
43.893893893893896 -0.30219738627451637 0.4179187418398528 -0.2258418650400807
43.94394394394395 -0.31033606400656294 0.4935558115193797 -0.26058377543326067
43.993993993993996 -0.32608211845039253 0.5601341663571092 -0.292907924932065
44.04404404404405 -0.3388224982283578 0.6031690268695036 -0.3280550876413179
44.094094094094096 -0.35454315121047525 0.6360196508655596 -0.3638828229144622
44.14414414414415 -0.35542763589988824 0.6590030310377814 -0.39819243401537896
44.194194194194196 -0.3601260205437146 0.6827233784081929 -0.4240502039256429
44.24424424424425 -0.35636634216734897 0.6997904108236321 -0.4383265975640796
44.294294294294296 -0.3471298062858546 0.7048280683768181 -0.4570361243949895
44.34434434434435 -0.33400278855708876 0.6920919330204569 -0.47844958417210354
44.394394394394396 -0.3128976681061354 0.6789366165758678 -0.4959546533647861
44.44444444444445 -0.2932503614717104 0.6602840559057002 -0.5178771678626488
44.4944944944945 -0.2733949032355702 0.6418447090416092 -0.5378643375051139
44.54454454454455 -0.2405661382599958 0.6295723463475743 -0.5596168608356503
44.5945945945946 -0.1811535600822348 0.6198888926505454 -0.5791249537161435
44.64464464464465 -0.10932013410935702 0.6213634140132832 -0.5855881939961187
44.6946946946947 -0.03686404560148058 0.6245973572944487 -0.5890906885356898
44.74474474474475 0.025351229487385715 0.6164716601966795 -0.5915039857113183
44.7947947947948 0.07010936645071365 0.5917201658865169 -0.583455823614531
44.84484484484485 0.1223690876408854 0.5748107752851135 -0.5636251168132633
44.8948948948949 0.1751881749848396 0.5681956245669102 -0.5364052609662399
44.94494494494495 0.22311511941875417 0.5674518180662621 -0.5100873623352311
44.994994994995 0.2619169664845063 0.5654460238811216 -0.47781303653461094
45.04504504504505 0.28405296161559335 0.5673842132297955 -0.4504504900371012
45.0950950950951 0.31022623564266033 0.560693515092975 -0.4259107981018729
45.14514514514515 0.3363600975968133 0.5483043527918864 -0.4028348672986677
45.1951951951952 0.3696444492287534 0.5225676245481164 -0.38096741410399476
45.24524524524525 0.3992861224902373 0.48937178003271126 -0.35415823593214596
45.2952952952953 0.4219217488986606 0.4436605698105754 -0.3254520409777693
45.34534534534535 0.4249211844251211 0.41251632290653156 -0.2898057275266366
45.3953953953954 0.42017792461971326 0.40087837486957884 -0.25767062280992936
45.44544544544545 0.4269210638713846 0.400611790657082 -0.22468334344580976
45.4954954954955 0.4305031072980771 0.4137514102060775 -0.18311080981291422
45.54554554554555 0.42375805193232113 0.42188615262099904 -0.13449101671622457
45.5955955955956 0.4148704694226379 0.4314314090238526 -0.08747684440496575
45.64564564564565 0.4070134580355362 0.44054509163608263 -0.04135210856310555
45.6956956956957 0.39665621139526935 0.4518009589026089 0.011814301516288763
45.74574574574575 0.38394133397851743 0.4696764583656918 0.07056388927632747
45.7957957957958 0.3940355004611955 0.4794906509374671 0.1274112767887038
45.84584584584585 0.4016715434410561 0.4848024910901852 0.1765017564473707
45.8958958958959 0.4086663876744854 0.4894282106787534 0.2157629216948626
45.94594594594595 0.4080496082616031 0.4844571678413195 0.2543406663264327
45.995995995996 0.3950327429172057 0.4800009632456559 0.2882702854917606
46.04604604604605 0.37644760043127673 0.4719155655169114 0.3130855081649275
46.0960960960961 0.35699125409632304 0.46121168576279903 0.33515921627154566
46.14614614614615 0.33331979997777644 0.4572460546335478 0.36253813457004913
46.1961961961962 0.3081821799382442 0.44662541604206374 0.3802104648520431
46.24624624624625 0.2713317450762274 0.4358339693307111 0.3893925826592254
46.2962962962963 0.2267982980413402 0.43749469664582735 0.393837839496502
46.34634634634635 0.18118885839476767 0.4336513321186708 0.3961567628797501
46.3963963963964 0.12500289020194774 0.4284302181653149 0.39510507749464563
46.44644644644645 0.08504477642172799 0.4311614248300314 0.39846630518120574
46.4964964964965 0.05780971267461384 0.4456219918039234 0.4022172512504077
46.54654654654655 0.034822428534647495 0.46531411410406187 0.4074149969182621
46.5965965965966 0.012265152133488279 0.4806986186787396 0.4102897582503754
46.64664664664665 -0.002726334303043594 0.5050988577877463 0.4134794886658719
46.6966966966967 -0.014068370372681464 0.5347846365659219 0.41433094315476626
46.74674674674675 -0.013852047050795882 0.5669962645088437 0.4129864389123424
46.7967967967968 -0.018816860505243713 0.5958723998705097 0.403873683023708
46.84684684684685 -0.01903241126822295 0.6038938078156862 0.38463427746988216
46.8968968968969 -0.0007147628631649106 0.6070529870963592 0.36614756351248195
46.94694694694695 0.02291979338103531 0.6063602591034267 0.34933235943532914
46.996996996997 0.0457133233297936 0.590914155383546 0.33837297570529035
47.04704704704705 0.07965283007270442 0.5826408783985184 0.33128115479235115
47.0970970970971 0.1249801501205088 0.5709191865944737 0.3211919668298455
47.14714714714715 0.15432970046690758 0.5578111675848012 0.3140033326671835
47.1971971971972 0.1774636445645982 0.5456199539127738 0.30945248836639805
47.24724724724725 0.19449808063910154 0.5317602151198975 0.2988204797780601
47.2972972972973 0.19322237744912146 0.5144620989949948 0.28421268921692605
47.34734734734735 0.178989319046088 0.5005650829708429 0.27070093962046315
47.3973973973974 0.15223436024703826 0.4918826734715523 0.24748920529189294
47.44744744744745 0.12072283356295564 0.49064195077226563 0.21620613981113854
47.4974974974975 0.08721429425563905 0.49858548321784896 0.16585363538364353
47.54754754754755 0.044547770616051745 0.5166910865720513 0.10962050546502729
47.5975975975976 -0.011654135385761334 0.5352462486153762 0.05305779454971255
47.64764764764765 -0.07375796141093714 0.5523845799117876 -0.00323360337665975
47.6976976976977 -0.1283202805368294 0.5697428196818257 -0.04540470685371335
47.74774774774775 -0.18086924969018495 0.5881553421143645 -0.07761033610784157
47.7977977977978 -0.20823677301764573 0.6035133041090553 -0.10581254497577505
47.84784784784785 -0.22718027823645273 0.6123051298430798 -0.13435117577483238
47.8978978978979 -0.22297293748907324 0.6130463792274001 -0.15054569315473934
47.94794794794795 -0.229719315145235 0.6043331787364215 -0.16113149366183468
47.997997997998 -0.24278210896831293 0.5952920605875112 -0.18167518351256
48.04804804804805 -0.2572691384078482 0.590256935733052 -0.21063937085176376
48.0980980980981 -0.2703571906316199 0.5857568489507271 -0.251323885742402
48.14814814814815 -0.27256156620881933 0.5772257635618515 -0.2828071789192688
48.1981981981982 -0.27478309980570115 0.5647987030645623 -0.3049048995687242
48.24824824824825 -0.2711110630365913 0.5452693938016719 -0.309080550761894
48.2982982982983 -0.24110105673659962 0.5300374263736015 -0.3046829054565241
48.34834834834835 -0.18711566046661085 0.5144860152184274 -0.2948267465329851
48.3983983983984 -0.13167928589997793 0.49561561681976307 -0.2801788693876472
48.44844844844845 -0.07340916174678767 0.4797115505650241 -0.2624628919238687
48.4984984984985 -0.03042742899657733 0.46790364065526063 -0.23928799871989928
48.54854854854855 0.02515035204045891 0.4585556691769994 -0.2096266469068124
48.5985985985986 0.07784742556141468 0.45370034465062636 -0.18701023389678012
48.64864864864865 0.12803600468973592 0.4461124146246917 -0.1522745632511794
48.6986986986987 0.18543389786353764 0.444392487310583 -0.11098045645160201
48.74874874874875 0.24208290295600296 0.4445968068733557 -0.07676203154065374
48.7987987987988 0.3112249315874334 0.4445215358209129 -0.04415188570086583
48.84884884884885 0.36757277070083916 0.4358926748334834 -0.014144105783091861
48.8988988988989 0.4136193720985395 0.41705288173305954 -0.0029363521737310024
48.94894894894895 0.4498937874007892 0.3957225305147495 0.006004317202948191
48.998998998999 0.4633848984887825 0.3689060033300767 0.0069490967808438255
49.04904904904905 0.47001022830830375 0.32810299868718157 0.003144140799620161
49.0990990990991 0.4650752435276956 0.27554090312856755 0.002202902579072411
49.14914914914915 0.44937137363147617 0.21004359540462197 0.0019556445320423363
49.1991991991992 0.42119115099186066 0.13594481679929177 -0.005352462892293242
49.24924924924925 0.4006334265930008 0.060204141662132615 -0.0063410555171343995
49.2992992992993 0.38045807250179975 -0.024688971276927672 -0.0013327715225786175
49.34934934934935 0.3485897208401256 -0.11068107887937456 -0.015190369267091726
49.3993993993994 0.32542901175385375 -0.182200903035873 -0.029988023370870965
49.44944944944945 0.30804093587708614 -0.23140053669361202 -0.04279729249123198
49.4994994994995 0.30699863693729196 -0.2756879638320958 -0.0624467331783056
49.54954954954955 0.3143654739713217 -0.3106032952311123 -0.07426742475294161
49.5995995995996 0.318758975303958 -0.33681419245941585 -0.08918315422267419
49.64964964964965 0.32435364111111237 -0.35663558890392183 -0.09363403962562053
49.6996996996997 0.344298412750647 -0.3630940457345596 -0.10290287767481399
49.74974974974975 0.3718607078990475 -0.37148051574310476 -0.11270151561618695
49.7997997997998 0.4064293042705138 -0.3836677129707848 -0.11413670999766437
49.84984984984985 0.4407849886511875 -0.3958387805408883 -0.10249843738504275
49.8998998998999 0.4856022939439048 -0.42307260032922617 -0.08811147791435789
49.94994994994995 0.5364736084027206 -0.45729776451535203 -0.08087964928840467
50.0 0.5821625180216695 -0.4881442371128117 -0.08054259713492508
