t z_t_Re z_t_Im z_t_z_0_Re z_t_z_0_Im z_t_z_0_c_Re z_t_z_0_c_Im zeros alpha_Re alpha_Im
0.0 0.0014951522855786597 -0.032698451736177254 0.0011094318359813498 0.004226378495127838 1.953176888552308 0.0 0 2.0 0.0
0.02004008016032064 -0.0009333765797558798 -0.026726940368042778 0.0006222837258385044 0.00022439962075934263 1.919537978305144 -0.0767749935967243 0 1.9784697961924307 -0.07933987553930384
0.04008016032064128 -0.011173773671612664 -0.024332783452778298 0.004518499545509239 -0.004444848080832188 1.9027828770506778 -0.16455890678839805 0 1.954023959297563 -0.15697154738817928
0.06012024048096192 -0.009275163136295414 -0.021427495172353688 0.010927856286082985 -0.013487377989253091 1.869879381656576 -0.23499943187325784 0 1.926761640736793 -0.23279774155029392
0.08016032064128256 -0.015104295581319892 -0.01789124180071665 0.006076461763480385 -0.007321827862808976 1.8389716409154697 -0.3001272232745682 0 1.8967847834097424 -0.3067261645245151
0.1002004008016032 -0.02176937218438017 -0.018041496280672722 -0.006266334478641062 -0.001011176295679003 1.8034145271203776 -0.3773206696002057 0 1.8641978940677766 -0.3786695604271388
0.12024048096192384 -0.028800560806099374 -0.016078079795040057 -0.010607134315590233 0.00043430875934176563 1.7608781342595854 -0.4456018790397773 0 1.8291078158719105 -0.4485457584692642
0.1402805611222445 -0.030247766115381092 -0.016821690344514185 -0.0021611784793790388 0.0032709106193384513 1.7153032042080374 -0.5013946264365038 0 1.7916235015157231 -0.5162777109004548
0.16032064128256512 -0.024661966057338135 -0.020974381869091768 -0.002152948599672955 0.012198676897386058 1.6857553574288522 -0.5596559003625471 0 1.7518557872854117 -0.5817935215437334
0.18036072144288576 -0.01826053637723249 -0.016568014787636736 0.0009799346812699086 0.017428784303029042 1.6417432525957114 -0.6193190991388836 0 1.7099171684201224 -0.6450264650603701
0.2004008016032064 -0.022698418876246712 -0.021216652607476256 0.0021190810532762754 0.012946233450796953 1.597620424308785 -0.6881248182346599 0 1.6659215761263257 -0.7059149970958429
0.22044088176352705 -0.028939826014738886 -0.017420187191744683 0.016272693987148045 0.007444878789904035 1.5503973599740515 -0.7354272081286244 0 1.619984156590156 -0.7644027554707481
0.24048096192384769 -0.029512074228474294 -0.025964647079560126 0.00587554650374512 0.0020086399526730546 1.508352578478912 -0.7822078146915734 0 1.5722210523214712 -0.8204385525923252
0.2605210420841683 -0.027723365057809257 -0.027045731646286653 0.006490089147704696 5.5156309260121714e-05 1.4603447073150193 -0.8313906958429867 0 1.5227491861527944 -0.8739763592736046
0.280561122244489 -0.02883007506386826 -0.025875997737720133 0.0018962638580664773 -0.00028406489557343306 1.4092459331515117 -0.8919823777641132 0 1.4716860482054233 -0.924975280157995
0.3006012024048096 -0.034978191396487744 -0.01848282120040726 0.009883280647341088 -0.009968037973754321 1.3608674916521564 -0.9426923991320225 0 1.41914948612378 -0.9733995209573866
0.32064128256513025 -0.04510368975890711 -0.018763119707685107 0.016034813698997803 -0.0036901720299693888 1.3031045666164767 -0.978535226556746 0 1.365257498867565 -1.0192183477215488
0.3406813627254509 -0.051608507407906755 -0.015145439427314547 0.00989481595342638 -0.016825343787572555 1.2488198963033936 -1.0231812110621235 0 1.310128034339548 -1.0624060383657463
0.3607214428857715 -0.04761252081977077 -0.014929906464247853 0.005889617539267677 -0.011517414704448732 1.2015372308369519 -1.063721535550804 0 1.2538787911148066 -1.1029418266920692
0.3807615230460922 -0.060453633368649944 -0.019692455968720154 0.007425393733665757 -0.011443011859708868 1.140015743304253 -1.1079700654326206 0 1.1966270245250403 -1.1408098391479935
0.4008016032064128 -0.057899037786900955 -0.01853410559352452 0.0009182588094396728 -0.007479818967654195 1.086089267167518 -1.124984899944152 0 1.1384893573391985 -1.1759990245731171
0.42084168336673344 -0.05989148409984474 -0.016453443115034255 0.004273625066902513 -0.01060660762998181 1.024650845548353 -1.1375106529624013 0 1.0795815952690806 -1.2085030771918932
0.4408817635270541 -0.06050612061338175 -0.01684334865576178 -0.003720915718414232 -0.015481310642146785 0.964005589266933 -1.1688803060266022 0 1.0200185475159231 -1.238320353116471
0.4609218436873747 -0.058714205482068155 -0.008762168051420681 0.014827085738192065 -0.009395685442219354 0.9091735894022369 -1.1982435550802304 0 0.95991385256114 -1.265453780629489
0.48096192384769537 -0.07213187386301294 -0.00436024887581415 0.01996436770292533 -0.008933135518959396 0.8653305837782662 -1.2156568555863911 0 0.8993798093915224 -1.2899107645218102
0.501002004008016 -0.07058119263772153 -0.0013790963454428657 0.01652740527180371 -0.01190843483972062 0.8039522569480607 -1.2443175807450833 0 0.8385272143362319 -1.3117030847647873
0.5210420841683366 -0.06289774892641053 0.006675919174887206 0.013343463651028198 -0.013727468623151683 0.756071249156987 -1.268913240888973 0 0.777465203679926 -1.3308467898006635
0.5410821643286573 -0.06340843089576405 0.00621671338804245 0.022051629088932895 -0.014321225100216894 0.7018377592447308 -1.2948745911177122 0 0.7163011022033315 -1.347362084738187
0.561122244488978 -0.06775857430849766 0.0011621604445731038 0.024655402401615904 -0.018767272885303422 0.6380182787415121 -1.3039589261051356 0 0.655140277789567 -1.361273214743424
0.5811623246492986 -0.061658704180142555 0.007554455935072893 0.019607274100978872 -0.023068218084015664 0.5823960613384802 -1.319071245344037 0 0.5940860022215227 -1.3726083439181234
0.6012024048096192 -0.06059446276907237 0.00360173364173341 0.02891994973894868 -0.02060551764985464 0.5226435747316925 -1.3196425629045971 0 0.5332393182826595 -1.3813994299598087
0.6212424849699398 -0.05879398818219129 0.00774875296641778 0.03749785802612521 -0.026575383503029983 0.47598050939182374 -1.3231726693470671 0 0.4726989132607036 -1.3876820948990658
0.6412825651302605 -0.0593592284001729 0.009362536388423631 0.034107052649867214 -0.025359957216470202 0.41301976845004973 -1.3212736486152348 0 0.4125609989409376 -1.391495492210254
0.6613226452905812 -0.06726647865057393 0.02086032214423056 0.030607137744504243 -0.03114572245903438 0.34145751756652004 -1.3399699589530418 0 0.35291919816307926 -1.3928821705921262
0.6813627254509018 -0.08110346075674182 0.018745482111343578 0.026252688216780114 -0.037939880844064466 0.28328308762373644 -1.329558469746098 0 0.29386443800320433 -1.391887934714582
0.7014028056112224 -0.07801306841852426 0.022068152433082185 0.0333204158151814 -0.03398545815065849 0.24573076486159234 -1.3329082341132903 0 0.23548484962974486 -1.3885617032270319
0.721442885771543 -0.0770958245884121 0.018873537856514067 0.032832376004861205 -0.03530232208657579 0.19918867748500627 -1.3314589948482307 0 0.17786567487034496 -1.382955364322608
0.7414829659318637 -0.07197782893738668 0.024648739309263507 0.035652569429927033 -0.04439908307954804 0.1400371431795751 -1.315499996036944 0 0.12108917951429606 -1.3751236291507531
0.7615230460921844 -0.06256182317694164 0.0276575199687533 0.03182659498463208 -0.03759411861067295 0.08172992837214908 -1.3038345744789879 0 0.06523457336339065 -1.3651238833685535
0.781563126252505 -0.07598384691824703 0.025128777379305425 0.03074013499813721 -0.03282680854415448 0.020257737517008243 -1.2978166298649991 0 0.010377937032387695 -1.3530160371185562
0.8016032064128256 -0.07687561958902328 0.03081243499712294 0.021704338487163053 -0.04056846946072162 -0.03318639742126081 -1.277257624003092 0 -0.043407844511150956 -1.3388623737177723
0.8216432865731462 -0.07135964333923255 0.02807633137895495 0.026310450556861657 -0.03302215348475827 -0.08632713447686619 -1.2665321818110147 0 -0.09605314168907732 -1.3227273973390854
0.8416833667334669 -0.0731015817645141 0.039379202625263204 0.03165353663642421 -0.042268231546785044 -0.12612255080769746 -1.252904600429381 0 -0.14749163336927093 -1.304677679962417
0.8617234468937875 -0.07847737507247014 0.03737908841906791 0.017124046908619885 -0.04341418087867512 -0.17944420925817814 -1.230771171138838 0 -0.19766035327965806 -1.284781707868725
0.8817635270541082 -0.0828838164614637 0.031767790128369014 0.006726223361136762 -0.04508601896215037 -0.22269443171857514 -1.2123242746539171 0 -0.24649972983300394 -1.263109727945268
0.9018036072144289 -0.07709667247460479 0.03482330360385532 0.006020703401094271 -0.03870528133119899 -0.2795322097844733 -1.190738462179677 0 -0.29395361942592707 -1.239733594065564
0.9218436873747494 -0.08061080057506552 0.03031336896536442 0.002156195616874972 -0.03594196604087621 -0.3207211007407404 -1.1571373564250844 0 -0.33996933328534823 -1.2147266138021129
0.9418837675350701 -0.08245377494949464 0.03259731385222535 -0.010573586249560916 -0.04363008471260098 -0.37789679540283744 -1.147701601805809 0 -0.3844976579450396 -1.1881633957242739
0.9619238476953907 -0.08229001395187423 0.03472647171370325 -0.014771230002501768 -0.03853376182130849 -0.41786231608040436 -1.1234496721180596 0 -0.427492869444055 -1.1601196975276986
0.9819639278557114 -0.08387752731063777 0.039243939420301556 -0.016513042314159104 -0.02257087770359407 -0.4508762235528481 -1.102638958067006 0 -0.4689127413476197 -1.1306722752354095
1.002004008016032 -0.07716242055761677 0.04508328712412261 -0.0012842240660420059 -0.007854906488375748 -0.5071367502603948 -1.0617118688052514 0 -0.5087185466994888 -1.0998987337040593
1.0220440881763526 -0.07186024540332651 0.046308957872869275 -0.005043357584594267 -0.005401945415709255 -0.5361576919371278 -1.0347398148029379 0 -0.5468750540228825 -1.067877378662055
1.0420841683366733 -0.07304739218278082 0.052559021934889615 -0.010055922657733272 -0.01796961682558055 -0.5688441615369891 -1.0011343126925119 0 -0.5833505174948312 -1.0346870704991487
1.062124248496994 -0.0763988323065204 0.06317480864392544 -0.004642882618928999 -0.01693397032495597 -0.593852865132824 -0.96508371957739 0 -0.6181166614261385 -1.0004070800197826
1.0821643286573146 -0.0839305456355757 0.06378945341526333 -0.008212051361913796 -0.018433932641569575 -0.6149301520909403 -0.9398408786027188 0 -0.6511486591861632 -0.9651169463649422
1.1022044088176353 -0.07162908713771256 0.06838980815233064 -0.011490349318613832 -0.006472292674191217 -0.6530437422046911 -0.9018376407451567 0 -0.682425106718245 -0.9288963372995466
1.122244488977956 -0.07335528022871539 0.06588297601923286 -0.01087686573825355 0.0048014865271134586 -0.6895929409301021 -0.8599952320784414 0 -0.7119279907978526 -0.8918249120545036
1.1422845691382766 -0.0773740491947896 0.06401414625247778 -0.021951963244918833 0.008632027012646126 -0.7102602287730736 -0.8203049206296684 0 -0.7396426521913845 -0.8539821869044789
1.1623246492985972 -0.06874242721109028 0.06526613020255134 -0.027480132240341695 0.0004720035190898475 -0.7265928380786376 -0.776028921282546 0 -0.7655577438790508 -0.815447403654223
1.1823647294589177 -0.06873432008486917 0.07631836019436998 -0.02385675722625946 0.0030159780122333653 -0.7411365694549168 -0.7392809177872431 0 -0.7896651845103482 -0.7762994011979517
1.2024048096192383 -0.06148037255443703 0.0798892833073258 -0.03816247682759384 0.008375311258839854 -0.7683252932690576 -0.7021979100885448 0 -0.8119601072653643 -0.7366164903078225
1.222444889779559 -0.061338389953191644 0.08824827357857169 -0.030564792107799662 0.01190685036953601 -0.7845253823476421 -0.6722836113913618 0 -0.8324408042994554 -0.6964763317989937
1.2424849699398797 -0.05544763094865765 0.07980851667955202 -0.03747244348855811 0.02326236521697386 -0.8010336037656929 -0.6251559066068004 0 -0.8511086669528048 -0.6559558182101249
1.2625250501002003 -0.05177082157123341 0.0837990625475925 -0.034943026173794835 0.021400621304281543 -0.8189964974474405 -0.5858550724502196 0 -0.8679681219099002 -0.6151309591294833
1.282565130260521 -0.03884462692457547 0.08640700380430877 -0.03497065789725667 0.0149183556355838 -0.8320121986421426 -0.5520355733447658 0 -0.8830265634971567 -0.5740767702880742
1.3026052104208417 -0.03787057888154673 0.08646347066168446 -0.04271395941683689 0.010292283130153429 -0.8446985334288232 -0.5217533876094926 0 -0.8962942823096917 -0.5328671665324457
1.3226452905811623 -0.03800069402838902 0.08484914841050398 -0.03409459435628267 0.007321689235771134 -0.8472611655674509 -0.48671871684336887 0 -0.907784390360681 -0.4915748587810226
1.342685370741483 -0.0385427503218099 0.0801013283580905 -0.03366286939765635 -0.0007371860073783527 -0.8569818171588862 -0.44650488241171155 0 -0.9175127429487518 -0.45027125505903665
1.3627254509018036 -0.0307233515585768 0.07755838696866715 -0.027499773462793805 -0.004100329526753629 -0.875807378828876 -0.4153132878064778 0 -0.9254978574405427 -0.40902636569834144
1.3827655310621243 -0.015625385595244894 0.06640375975019529 -0.02093753313957587 -0.0006078713447949687 -0.8835419548085133 -0.3687146282335713 0 -0.9317608291668611 -0.36790871277965154
1.4028056112224447 -0.017389404887713244 0.074520097428638 -0.011556196162289733 5.4322207259837276e-05 -0.8769900878411769 -0.3248792401913464 0 -0.9363252446318062 -0.32698524388604006
1.4228456913827654 -0.011596868876634801 0.07748147423791162 -0.002287513619567243 -0.005392541245900251 -0.8830880591385032 -0.2818236006342559 0 -0.9392170922348124 -0.2863212502278751
1.442885771543086 -0.00988090676309782 0.07842248658468451 -0.008226725777747024 -0.006992178119873243 -0.8887927774954683 -0.24162272955487685 0 -0.9404646707057971 -0.2459802891908045
1.4629258517034067 -0.0026282649899264867 0.07628020872321503 -0.00022107502918996413 -0.025473232160805312 -0.8942835230660918 -0.20333721023120774 0 -0.9400984954535 -0.20602411134988782
1.4829659318637274 -0.0007465350803024195 0.07389168100270384 -0.006209679161039398 -0.028862290318489813 -0.8968247903279241 -0.17270896822253287 0 -0.9381512030266465 -0.16651259198458584
1.503006012024048 0.008710753764938402 0.07713871461155243 4.837587778068197e-07 -0.011033726278050025 -0.8854805251442883 -0.1461709950864625 0 -0.9346574538867983 -0.12750366712101727
1.5230460921843687 0.008416953078277134 0.07675296631154122 -0.008272464720318565 -0.014181374330238949 -0.886124724955837 -0.10573234576745436 0 -0.9296538336906682 -0.08905327411972264
1.5430861723446894 0.019352635969466236 0.075765237582023 0.0018629309341434035 -0.015754667051567896 -0.8811873654622074 -0.07198450563355674 0 -0.9231787532782572 -0.05121529681913097
1.56312625250501 0.02385325055244709 0.08119666982443724 -0.0013835755801057438 -0.016549328522166944 -0.865390666299266 -0.04491818750633762 0 -0.915272347561477 -0.014041515237027107
1.5831663326653307 0.02609277981449458 0.07759363959942647 -0.004365678487137114 -0.01819861037892406 -0.8451674102404908 -0.01837548031949075 0 -0.905976373505906 0.02241844017543009
1.6032064128256511 0.03248972466626685 0.06716113730428468 -0.014382378067221162 -0.013053488573864607 -0.8461978396077525 0.016209865987143506 0 -0.8953341073960418 0.05811712974017154
1.6232464929859718 0.035177219468084164 0.06588705067977405 -0.012485626078184847 -0.014642202619531811 -0.8239534067041518 0.05799421477469976 0 -0.883390241571846 0.09300934123961098
1.6432865731462925 0.04154829879766644 0.0661122881114714 -0.019476951899032778 -0.008841469691875605 -0.8094876860900734 0.0967363285702807 0 -0.8701907808215442 0.1270521221126356
1.6633266533066131 0.040037651212644756 0.06595432440974551 -0.019303253640548346 -0.005781078278919738 -0.8054419517639086 0.11090794072164536 0 -0.8557829386125559 0.16020480719391653
1.6833667334669338 0.03307276542374504 0.0653640679472463 -0.022719453597624794 -0.002199838258638299 -0.7854369949923778 0.1322528993531923 0 -0.8402150333390898 0.19242904203808783
1.7034068136272544 0.03860038062089192 0.06442725084474449 -0.022146700876775952 0.0008419971783876039 -0.754174127331193 0.16411766777806142 0 -0.8235363847613778 0.22368880187698784
1.723446893787575 0.044758158024383966 0.05683026896376443 -0.014617716519878633 0.0023390369565235362 -0.7431185838161938 0.20300533529710854 0 -0.805797210807719 0.2539504062645746
1.7434869739478958 0.041546962987341354 0.0543241757614682 -0.020929020925001887 0.0034108722746592156 -0.7272702805616746 0.22968603960125136 0 -0.7870485249064951 0.2831825294703303
1.7635270541082164 0.03664959609353163 0.04456330567758143 -0.022604684794918967 0.011691850974936475 -0.708535515416916 0.2488696215001635 0 -0.7673420340111126 0.31135620668794767
1.783567134268537 0.04043002325430518 0.04808802421151139 -0.016346682947108768 0.011504895615846696 -0.6897062543448228 0.278989033348976 0 -0.7467300374764198 0.33844483613183507
1.8036072144288577 0.04316496688613755 0.05287720842581805 -0.017366385299772025 0.010831051328469458 -0.6735381644672425 0.29048699799448613 0 -0.7252653269405591 0.3644241770994856
1.8236472945891782 0.03952097298725146 0.0515730330468354 -0.03654815329893999 0.005452902667241476 -0.6560155140879349 0.3115023548124447 0 -0.7030010873614694 0.38927234408302475
1.8436873747494988 0.03500462763896309 0.04551617123561212 -0.043559727912608356 0.011230285278646897 -0.6316192208140291 0.33523253855904966 0 -0.6799907993523314 0.4129697970182729
1.8637274549098195 0.04192390768353358 0.04689332360112314 -0.040313380870860956 0.01949670035610911 -0.6194510964629306 0.3448168305010451 0 -0.656288142955207 0.4354993277644289
1.8837675350701402 0.04693449090433001 0.04915747803945708 -0.03878972798761389 0.02125186055778709 -0.5934441510968551 0.3674910641291411 0 -0.6319469029869085 0.45684604291200864
1.9038076152304608 0.055079460594015424 0.04873523825723765 -0.03164121418365482 0.029931169506000836 -0.5688397204158738 0.3944529420477349 0 -0.6070208760858421 0.476997343020935
1.9238476953907815 0.06059255042979632 0.036349454615296636 -0.040335861145198375 0.0287784824503077 -0.5434217345873311 0.4245882364424855 0 -0.5815637795831236 0.49594289839468503
1.9438877755511021 0.06577059117122255 0.04035151356295156 -0.033959974774840626 0.03493301119410962 -0.5247119688905747 0.44227805880580295 0 -0.555629162315743 0.513674621500154
1.9639278557114228 0.07022567329907843 0.03565555342251091 -0.029041146151245208 0.032245623506206564 -0.5096710380620642 0.4695233186463578 0 -0.5292703174939389 0.5301866361463862
1.9839679358717435 0.06434131088190007 0.03354141049247877 -0.02260479851625721 0.027227067919359867 -0.48343127911561845 0.48038113274158317 0 -0.50254019772924 0.545475243538554
2.004008016032064 0.06851535294326763 0.03388754760716326 -0.023492137646232748 0.03262312498137519 -0.46467256933826456 0.4931493713758775 0 -0.4754913323238767 0.5595388853265372
2.024048096192385 0.06345254360190562 0.026527020317092056 -0.012743939649934446 0.036382961903451756 -0.43786074212983345 0.5098106564775986 0 -0.44817574691643935 0.5723781037701641
2.0440881763527052 0.06365312149491395 0.028078141629050028 -0.014127307361134765 0.0446867220786846 -0.4075397306916705 0.5166675740754284 0 -0.42064488557280555 0.5839954991456255
2.064128256513026 0.057524102434370526 0.029295781285262154 -0.008368271295456213 0.04478269036343228 -0.3746261723981388 0.5302063554215651 0 -0.39294953540544436 0.594395684519767
2.0841683366733466 0.05430822066634341 0.030883695302500014 0.004487103514004581 0.03919132215296419 -0.3567698649679048 0.5381370996932102 0 -0.3651397537983114 0.6035852380208894
2.1042084168336674 0.054938802266761386 0.02586272951557604 -0.006575782725852506 0.045380768152671516 -0.3353995457476293 0.5465252464093127 0 -0.33726479830858014 0.6115726527363794
2.124248496993988 0.05310620795810961 0.025602070021034855 -0.0048281154675463 0.04322808498233918 -0.30979202847753506 0.5619022699731688 0 -0.30937305931055603 0.6183682843688999
2.1442885771543083 0.05406909943650062 0.02061849187543097 0.003819773781313044 0.04572780553301793 -0.2736602687343179 0.5755670865776829 0 -0.2815119954411519 0.6239842967840569
2.164328657314629 0.054579918725059226 0.01708549756955324 0.005807757700536356 0.04553812592936312 -0.2480270076956558 0.5794356880312189 0 -0.2537280719004263 0.628434605583376
2.1843687374749496 0.05711677523820022 0.017969954753935004 0.0012082828392848326 0.05278991215103885 -0.22506328993376562 0.5834790693862572 0 -0.22606670165477935 0.6317348198371099
2.2044088176352705 0.047492137530959884 0.012877076193502934 0.008078161996056541 0.04040957708433049 -0.197165162529296 0.5922747119482125 0 -0.19857218958455244 0.63390218211183
2.224448897795591 0.045936987225198574 0.01145036361426874 0.01102870170818282 0.03664121779152537 -0.1635761945649999 0.5870146701017231 0 -0.17128767961199448 0.6349555069279673
2.244488977955912 0.032271474044232085 0.003109505121783191 0.02313434873263793 0.0355753991339734 -0.13558085577706463 0.6007994195794037 0 -0.144255104839778 0.6349151177824345
2.2645290581162323 0.0287798206659615 -0.0020582696611930336 0.029114826476195607 0.043536584121235435 -0.11656030174024729 0.5866050967533087 0 -0.11751514072459648 0.6338027828712016
2.284569138276553 0.027152802437490374 -0.005348307495728454 0.02886121608581291 0.04187534107584421 -0.1000224513839663 0.5892552725109729 0 -0.09110716130472551 0.6316416496462275
2.3046092184368736 0.021330441070735336 -0.0062689734502492786 0.025194357807554107 0.049017576527325996 -0.06948608099592754 0.595463463492733 0 -0.06506919849492973 0.6284561783404393
2.3246492985971945 0.023059253216259373 -0.0029622458475101203 0.03417031485635315 0.041109765794748815 -0.03968006515170924 0.5908945461053362 0 -0.039437904456615415 0.6242720745935564
2.344689378757515 0.024809543926235324 -0.009122034871979712 0.040020524725242757 0.04286355634616405 -0.02370284710399869 0.5899270762631796 0 -0.014248517045810595 0.6191162213104291
2.3647294589178354 0.020384297886178578 -0.007287628668044771 0.035575671985997204 0.04085434069526526 -0.004980623627827842 0.5824825280966343 0 0.010465171663731893 0.6130166098822536
2.3847695390781563 0.020472741040092255 -0.003905626261191487 0.046671111614340996 0.032287574500108975 0.016244053255873525 0.5771636455206621 0 0.034670843790123494 0.6060022708995094
2.4048096192384767 0.020262352205425428 -0.001401911310693619 0.03615389922058687 0.02706675982092363 0.048027788320652354 0.5664264519798481 0 0.05833768099848366 0.5981032044837757
2.4248496993987976 0.021571986305226713 -0.0009951233306703922 0.045863116001172446 0.029799331343663527 0.06546632598232763 0.5553058761645696 0 0.08143638681940556 0.589350310363692
2.444889779559118 0.024699025922316056 -0.000996167729714344 0.05411041326033449 0.031440130927055256 0.0761622275580578 0.5528476431007845 0 0.10393920595327112 0.5797753178182887
2.464929859719439 0.007535540383024473 -0.003509269030974329 0.0517132616659679 0.023228391741210323 0.09962319180025912 0.5418415101680687 0 0.1258199405876176 0.5694107156086822
2.4849699398797593 0.0067592279438192775 0.004808216233243707 0.06039085400323251 0.020306474721332166 0.12967923306619467 0.5342411532354164 0 0.147053963759233 0.5582896820167559
2.50501002004008 -0.0006619938992203258 0.0025878311279603976 0.06515618435987412 0.011663282077839884 0.14794817465189752 0.5228003496381672 0 0.1676182297970531 0.5464460151069044
2.5250501002004007 -0.0028432291799031697 0.0065738952827059365 0.07294444423143948 0.003935747545032695 0.15967564976602588 0.5123931337735103 0 0.1874912818861208 0.5339140633242534
2.5450901803607215 0.0014970153073914224 0.015241633966319086 0.05919229363416321 0.015364090653788727 0.17499909263139593 0.5002206184087872 0 0.2066532567969608 0.5207286565399291
2.565130260521042 1.2152431264231378e-05 0.004317978725923211 0.058765588419517616 0.010943355632289887 0.1879933690362937 0.49849470595179884 0 0.22508588682860578 0.5069250376510247
2.5851703406813624 0.0005835252984493157 0.007650570194855091 0.058901105302093665 0.002975025247922816 0.19506368848398145 0.4814163602945155 0 0.24277249901728656 0.492538794839814
2.6052104208416833 -0.009085746516144952 0.008367133356760797 0.06488686110133128 0.0017410905368930494 0.22357642943157502 0.46108556665367084 0 0.25969801166636397 0.4776057945935973
2.6252505010020037 -0.00042517026695239205 0.005564383291895787 0.06700178335436457 -0.0129578179830222 0.2434122907497218 0.4420069492719261 0 0.27584892825651836 0.4621621155832524
2.6452905811623246 -0.0003359391596633088 -0.0009928245933854695 0.07057987300761749 -0.007783254729252371 0.2496664248458175 0.4462888724835045 0 0.2912133287984656 0.4462439834951685
2.665330661322645 -0.0009194452219154892 -0.00415474989672944 0.06659617586405096 -0.005685550461654369 0.2685411282205595 0.42979542515028607 0 0.30578085869354454 0.42988770690776407
2.685370741482966 0.002995217780183075 -0.010764464213422868 0.05795937035190399 -0.006427783886980661 0.29471867187407264 0.40993252874555475 0 0.3195427151704513 0.4131296143001938
2.7054108216432864 0.003463994462539592 -0.015108569558053838 0.05968227495857425 -0.005147601733457731 0.3227804003069719 0.40101460239666076 0 0.33249163136911813 0.39600599227722366
2.7254509018036073 -0.009853603481862016 -0.016083257978891475 0.06133532798559592 -0.010355966357731537 0.3368741189231136 0.39263547109380825 0 0.34462185814532087 0.3785530250905068
2.7454909819639277 0.0011515330078785053 -0.01652942893480413 0.061379646193212255 -0.01676032496782656 0.35627550763173305 0.3816189817265374 0 0.3559291436719686 0.36080673553273507
2.7655310621242486 -0.005645691755912465 -0.015270397141690067 0.060409052366197875 -0.022100128642238332 0.37038260783139076 0.3798681721880227 0 0.3664107109152681 0.3428029272772806
2.785571142284569 -0.0011602934009944327 -0.010864127299744323 0.0713675487613886 -0.03444956098192714 0.380817157375043 0.37031001469089675 0 0.37606523306597117 0.3245771287320825
2.8056112224448895 0.0025947478940380295 -0.015593927966158393 0.08063051936335104 -0.0400950764298438 0.3864359549249014 0.3570332299529207 0 0.3848928070077994 0.3061645384725873
2.8256513026052104 0.004143965642573038 -0.01122202483937927 0.08251410451309094 -0.029568959819947928 0.4021146364528285 0.34481347125401046 0 0.39289492490680855 0.2875999723146184
2.845691382765531 0.0030956946477921203 -0.0170447145075634 0.0877796574619846 -0.03329974429312037 0.4073853279824734 0.3237062866127965 0 0.40007444400698133 0.2689178120840609
2.8657314629258517 0.003128328234265752 -0.017725162583416266 0.08962381195386708 -0.025625330805531435 0.4400831211638855 0.3077815125694767 0 0.40643555471867193 0.2501519561362479
2.885771543086172 -0.008518538019071467 -0.009714349103645836 0.07069276272329446 -0.039626808783580124 0.45315691446182627 0.2986522120671335 0 0.41198374708768576 0.23133577167394667
2.905811623246493 -0.00738819089158485 -0.011348403145980113 0.07897762274093706 -0.051721493898539084 0.44811043953131535 0.2685516334176648 0 0.4167257757337837 0.21250204890880925
2.9258517034068134 -0.00019083989526609614 -0.010643518758461978 0.06580063036025949 -0.04720017282375075 0.4638496699832058 0.24078332227187113 0 0.42066962334821173 0.1936829571071739
2.9458917835671343 -0.008307574140288106 -0.014714400709470906 0.06173405020763893 -0.056606883290130555 0.4733904500778806 0.21899975350854164 0 0.42382446284052533 0.17491000255708214
2.9659318637274548 -0.00917929010667669 -0.018846399498178696 0.05712190282889635 -0.05209787583975538 0.475715457753232 0.1928428788377614 0 0.42620061822545935 0.1562139884894243
2.9859719438877756 -0.007875099775756178 -0.01809832272478216 0.05721826608869208 -0.0577493974243663 0.4763451891144192 0.16371401176152744 0 0.42780952434093084 0.13762497698214765
3.006012024048096 -0.008066356563027118 -0.02226914646937523 0.05272036370939452 -0.05985242655228612 0.46807739797650205 0.15342886036636336 0 0.42866368548842265 0.11917225287255986
3.0260521042084165 -0.0086647351309455 -0.009417837188000586 0.03832067815192255 -0.07210816498628043 0.46204662755683346 0.13049649480804756 0 0.4287766330870116 0.100884289698848
3.0460921843687374 -0.003129839415285086 -0.005368927968777259 0.04154784494732694 -0.06871032990997175 0.46810471352330385 0.11216816425552546 0 0.428162882432157 0.08278871768810611
3.066132264529058 -0.007020495599367907 -0.010135570862191714 0.04429786735397087 -0.06687668190612904 0.47174196967866006 0.09786805081272797 0 0.42683788865007316 0.0649122938043517
3.0861723446893787 -0.00030509186010242397 -0.010551575131841205 0.03609163831716653 -0.06284249056919058 0.4747205930670319 0.08911755481777868 0 0.4248180019380628 0.047280873866261224
3.106212424849699 0.0037665541880771134 -0.004644045931947867 0.031124855125026295 -0.0651121533904725 0.4797400356420028 0.07023221773367178 0 0.4221204221806067 0.029919386740680287
3.12625250501002 0.00012679627894193502 -0.0012028463135828526 0.02956373998747042 -0.07445611121644627 0.46837666244337267 0.05707211680417329 0 0.41876315303027273 0.01285181061431405
3.1462925851703405 -0.0019956418516300064 -0.0017941135224322374 0.01898805118071667 -0.08831951982548483 0.46051760466421154 0.03220304604441746 0 0.41476495554164894 -0.00389884865753116
3.1663326653306614 0.00047580355827528886 -0.006968307381593261 0.017061584935177117 -0.07407089478238837 0.4525882590877762 0.020002657342819006 0 0.4101453014455067 -0.020310577129795258
3.186372745490982 -0.005100751993488122 -0.007350691306789856 0.010217699927778498 -0.07531522742162877 0.44199376644994537 0.0032772491245848753 0 0.40492432614928275 -0.036362370282126556
3.2064128256513023 0.004287601237848535 -0.013272627977560406 0.008274246433816832 -0.07068206846067501 0.4386000808748548 -0.015794495220857505 0 0.39912278154871544 -0.05203424848033644
3.226452905811623 0.0021351798986865653 -0.010416417247617727 0.014757786955333366 -0.06340699922670195 0.4257199731825355 -0.03387328714079964 0 0.3927619887341159 -0.06730727039944687
3.2464929859719436 0.0031437104785339808 -0.014466921591077408 -0.0011294316248301067 -0.06891814390738832 0.41214530952705014 -0.056833953077980205 0 0.3858637906732689 -0.08216354442609818
3.2665330661322645 -0.00851208965933374 -0.01654388233005046 -0.009622897187911648 -0.06941171370652632 0.3997485277865568 -0.07449614596645346 0 0.3784505049513731 -0.09658623806114586
3.286573146292585 -0.006695549522413448 -0.020331022125628026 -0.008454535945810972 -0.06964601680074009 0.4020652981418524 -0.09254375173281527 0 0.3705448766467424 -0.11055958534622858
3.306613226452906 -0.009963047253817517 -0.02351318308342226 -0.021573741537889733 -0.07000086697728092 0.4010078901238671 -0.10045209086940038 0 0.3621700314191914 -0.12406889234097604
3.3266533066132262 -0.012518798785553214 -0.02156152486373305 -0.019653301704728218 -0.05841682775154539 0.3968671370255242 -0.1194244498447482 0 0.35334942888615084 -0.1371005406802678
3.346693386773547 -0.017879462766673713 -0.029016379625850675 -0.017826748464073852 -0.06069000150389371 0.38724324285778117 -0.14402009096343363 0 0.34410681635957535 -0.14964198924363656
3.3667334669338675 -0.017518599836983093 -0.026046365364892146 -0.03651617403407503 -0.05958118634588147 0.37685792417886915 -0.17458372953617757 0 0.3344661830146557 -0.16168177397144104
3.3867735470941884 -0.016903459193145107 -0.024517210281492497 -0.03765849370334235 -0.05226051487836601 0.360565813473814 -0.18645670358508218 0 0.32445171455919897 -0.17320950586489833
3.406813627254509 -0.025956375903571395 -0.03472860894278772 -0.04833080516591388 -0.055606589315943686 0.3463919836481163 -0.20270470261755108 0 0.31408774847033893 -0.1842158672093787
3.4268537074148293 -0.0244514231970298 -0.03269366014011057 -0.04280443643039143 -0.03651439605735916 0.3262675827845201 -0.20860709214792755 0 0.3033987298629471 -0.194692606062604
3.44689378757515 -0.025156333888612194 -0.030308643481732445 -0.0512299141280504 -0.034581157212747946 0.32057070209209604 -0.22100899854987868 0 0.2924091680517785 -0.20463252905148133
3.4669338677354706 -0.023908092808838207 -0.027916120810023152 -0.0569333354144227 -0.02889498213635673 0.32103787363467257 -0.22762776359657788 0 0.2811435938669817 -0.2140294925233026
3.4869739478957915 -0.024683084503977073 -0.020165456381798577 -0.06098506972687221 -0.04008905868023174 0.30704647913697136 -0.24690110031596224 0 0.26962651778013763 -0.22287839209891347
3.507014028056112 -0.026474035195546714 -0.023879909515951758 -0.05647754996275793 -0.03447803625788029 0.2940723746211713 -0.24262358477343263 0 0.25788238889550796 -0.23117515067720296
3.527054108216433 -0.03423548586729957 -0.019225664172650866 -0.047593133924257375 -0.03505339134854625 0.28611395429079434 -0.24922107071545202 0 0.2459355548586017 -0.2389167049419141
3.5470941883767533 -0.03388093970233218 -0.012997294577647051 -0.04274108954315826 -0.021842229240046543 0.26284814918936766 -0.2668211860376612 0 0.2338102227316091 -0.24610099042328343
3.567134268537074 -0.038223563950884484 -0.012305439352591225 -0.03763558039432122 -0.011965395810651569 0.25135754626566104 -0.2777139290967802 0 0.22153042088261526 -0.25272692516842593
3.5871743486973946 -0.03494092961791116 -0.014768962744806892 -0.03241893554260756 -0.003170544142058055 0.24680102971801074 -0.28899769566973826 0 0.2091199619328788 -0.25879439207565574
3.6072144288577155 -0.03446078346663919 -0.00631142352696229 -0.03261267606113974 0.006092173136191546 0.22063072872769715 -0.2953956800254974 0 0.19660240680377944 -0.26430421994910264
3.627254509018036 -0.026710873632272276 -0.005346943042818266 -0.02758116656644519 0.00616548612904918 0.2035106880622709 -0.31236794756143177 0 0.18400102990237027 -0.26925816333101993
3.6472945891783564 -0.01987528838811826 -0.002851341554503576 -0.027945673746327518 -0.003803265034054091 0.1925935691004959 -0.31314863018776046 0 0.1713387854817577 -0.27365888117011444
3.6673346693386772 -0.01766896643957257 -0.006167594368800238 -0.029122549954078345 0.0032292292795482965 0.1853594239277205 -0.309177083776891 0 0.15863827520984475 -0.2775099143850316
3.6873747494989977 -0.025187167769004936 0.0017631236604093209 -0.028288475973591302 0.00812525177350758 0.16581949169712917 -0.30391810131540825 0 0.1459217169772546 -0.2808156623828255
3.7074148296593186 -0.03037572222302371 0.005822237097378305 -0.026298419233868806 0.0012326126648858828 0.1476620317683049 -0.3115919538464212 0 0.1332109149725488 -0.28358135859282413
3.727454909819639 -0.02282441692678247 0.0023616107176135043 -0.011593767879422252 0.010074121201521865 0.1283283556505821 -0.3136495930500734 0 0.12052723105016239 -0.2858130450767581
3.74749498997996 -0.025564339399489336 0.007699647536070248 -0.013715504640732332 0.008993840415562058 0.1253569483198281 -0.31442434962273197 0 0.10789155741377651 -0.2875175462763842
3.7675350701402803 -0.025335008245722556 0.005401783368187227 -0.009620002056375554 0.013184066936750971 0.12060695271465344 -0.32371978388195694 0 0.09532429063519213 -0.2887024419600681
3.787575150300601 -0.01846318697044394 0.005300392199001996 -0.0040577861742156695 0.017785425798228623 0.10776621243018897 -0.3257090603705652 0 0.0828453070260957 -0.2893760394299308
3.8076152304609217 -0.012761550259415595 -0.0023614409046681614 0.00037311704516335766 0.013170895276699571 0.09928853473113011 -0.33260182793855775 0 0.07047393937749588 -0.2895473450511869
3.8276553106212425 -0.017969174733373346 0.001028957423435539 -0.007852421244558778 0.027278106915563767 0.0869449979069986 -0.33926644953223417 0 0.05822895507898732 -0.289226035165228
3.847695390781563 -0.015634822699766904 -0.0008530107629196402 -0.006564048695211601 0.028813876871568774 0.06856301088188707 -0.3266365995098158 0 0.0461285356274435 -0.28842242644782207
3.8677354709418834 -0.014898814526437548 0.0012292518614170607 -0.01567776743783428 0.014357038278448584 0.051589602897876743 -0.3298623517311116 0 0.034190257532184715 -0.2871474457735203
3.8877755511022043 -0.015879307902977063 0.005839098736131463 -0.014072417725036314 0.02511047147367271 0.03967140249113767 -0.3329805730706256 0 0.022431074621183916 -0.28541259964698695
3.9078156312625247 -0.01248799939842313 0.004578462478350596 -0.021763873806111174 0.017361711379527568 0.024884643157751594 -0.3355123509013791 0 0.010867301750405038 -0.28322994326149187
3.9278557114228456 -0.016295557603677915 0.004866171102731416 -0.03411012609941695 0.01860568484650546 0.00992107499158961 -0.3365420298209923 0 -0.0004854000840428117 -0.2806120492442413
3.947895791583166 -0.014651490221889517 0.006793015216005785 -0.038485768306122554 0.006333659605815907 0.01424052887636651 -0.32605148669069894 0 -0.011612037233607425 -0.27757197614756984
3.967935871743487 -0.01169077840527235 0.000988138635799501 -0.0414278003935713 0.015539942821533264 -0.00832480751991882 -0.32674990813553145 0 -0.022498295489850637 -0.2741232367442703
3.9879759519038074 -0.00468456634175471 0.011879292477937042 -0.041398031276592584 0.01614818640933646 -0.017160242741004528 -0.3213632520612408 0 -0.03313055078910159 -0.2702797661845174
4.008016032064128 -0.012279657292329006 0.009939467295617984 -0.03434625282967472 0.018779622865136396 -0.03426211673801757 -0.32013115027140926 0 -0.04349587853866418 -0.266055890070932
4.028056112224449 -0.02118229543956645 0.012997288518281152 -0.03354966928235167 0.013557009732149959 -0.062306752714205944 -0.31476748971974866 0 -0.05358206157616416 -0.2614662925073511
4.04809619238477 -0.018585677295588937 0.006645337977531492 -0.02915860956620353 0.016318994910552262 -0.06312554515838426 -0.3157316397468509 0 -0.06337759677571021 -0.2565259841758085
4.06813627254509 -0.017525213769112955 0.017309264484801672 -0.023273498332293165 0.02565297299768295 -0.06723525780250782 -0.321317785393814 0 -0.07287170031655547 -0.25125027049510495
4.0881763527054105 -0.018058530134304234 0.01841594874603679 -0.017836819637646335 0.03299783156577546 -0.080764260098833 -0.30680627031640584 0 -0.08205431163189483 -0.24565471991314516
4.108216432865731 -0.022061656232295234 0.020174215007858043 -0.01285422189584573 0.042947943131047474 -0.09740568695949028 -0.3136518299722577 0 -0.09091609605730841 -0.23975513238396545
4.128256513026052 -0.01634571840770169 0.016230900721255482 -0.01342580082832065 0.03462093645871903 -0.11015138782421799 -0.30746671773983225 0 -0.09944844620018388 -0.2335675080790435
4.148296593186372 -0.01471213365236465 0.011330857898990621 -0.00562311879662424 0.03308162655651675 -0.12311725304783383 -0.29696300490160876 0 -0.10764348205317392 -0.22710801638110986
4.168336673346693 -0.017150785597174166 0.006447641835001981 -0.0013055697453567996 0.04284188419415942 -0.1278293185572954 -0.2927847337733575 0 -0.1154940498764211 -0.22039296520724272
4.188376753507014 -0.014133011813506988 0.004718867939408135 0.010786484122373104 0.03370616848376751 -0.12583876856444412 -0.2761904780715596 0 -0.12299371987486112 -0.2134387707065467
4.208416833667335 -0.011998698232927034 -0.0033379121970155633 0.0026727105002113446 0.052290507247202224 -0.13983456496147809 -0.2624149701403458 0 -0.13013678269844245 -0.20626192737617835
4.228456913827655 -0.016139096501250047 -0.008475104892482231 0.0019266666907067833 0.04629770928291499 -0.13986452387604945 -0.25352174047688075 0 -0.13691824479452433 -0.1988789786379131
4.248496993987976 -0.016673975246884 -0.0079804161161575 0.006066166069933672 0.05317053363049811 -0.15824587282293262 -0.24635729169930418 0 -0.14333382264308195 -0.1913064879158265
4.268537074148297 -0.016235553982740666 -0.007713845554678217 0.009591657226730372 0.04611964782463896 -0.1746611635202589 -0.24004264541520912 0 -0.14937993590662174 -0.18356101025402
4.288577154308617 -0.013362232492668675 -0.007786141709901004 -0.0004507085668604756 0.06085694465131722 -0.17885547251246176 -0.23220192948871865 0 -0.15505369952791737 -0.17565906451162377
4.3086172344689375 -0.01378791119547066 -0.003985853571351166 0.008602900474446673 0.06190260048844599 -0.19166894166645437 -0.23861892930896159 0 -0.16035291480979197 -0.16761710617060577
4.328657314629258 -0.014214196952289076 -0.00868270071453745 0.0028509911016889344 0.053676328184500674 -0.20181631901415906 -0.2308600303946019 0 -0.16527605951221278 -0.15945150079017487
4.348697394789579 -0.013925504330298143 -0.013953761166134124 0.007136133359206971 0.042150781051738875 -0.20467078340823805 -0.21537133663375888 0 -0.16982227700293173 -0.15117849813979437
4.368737474949899 -0.006159402284726615 -0.013011048860640759 0.001194569908116804 0.05224553943677423 -0.2008095760388564 -0.2052695890355047 0 -0.1739913644987774 -0.14281420704105174
4.38877755511022 -0.002965082359724485 -0.016828874219505408 0.010207670559945198 0.048276783127447445 -0.20730445474138792 -0.18339530332106155 0 -0.17778376043551025 -0.13437457094682317
4.408817635270541 0.006190995447658642 -0.011948397433131433 0.0009522430567039022 0.04784499898333224 -0.21465784249708167 -0.182915718737296 0 -0.18120053100486813 -0.12587534428437178
4.428857715430862 -0.0010902641654100995 -0.00900609651290174 -0.00010332944334594463 0.053884607669595026 -0.22247112040609726 -0.17581581957196196 0 -0.18424335589807542 -0.11733206958718544
4.448897795591182 -0.009263944626801931 -0.012351568544642887 0.010369638086656495 0.068502235513632 -0.2237787479875383 -0.1656699120951343 0 -0.18691451329564537 -0.10876005543854922
4.468937875751503 -0.01374397426633957 -0.01249093515493878 0.003888186624053776 0.07241683369662856 -0.22668385079111406 -0.14969196353522884 0 -0.18921686414379263 -0.10017435524800886
4.488977955911824 -0.020305086442503117 -0.015862991224078152 0.001301233167557685 0.067509098941239 -0.23642101235604476 -0.14580726374494568 0 -0.19115383575817363 -0.09158974688006506
4.509018036072144 -0.02355729514736971 -0.010766496271740821 0.001094714379645473 0.07000725416502576 -0.23581456082626606 -0.12820636938484356 0 -0.1927294047960079 -0.08302071315260258
4.529058116232465 -0.022429765960826468 -0.00888660475580162 0.009702390570512464 0.07102361522301412 -0.23666152061940854 -0.126562043180626 0 -0.193948079637879 -0.07448142322075015
4.5490981963927855 -0.021737873044656193 -0.007904875019143316 0.0075536725389117754 0.06316225172283398 -0.23654562811884447 -0.10135155805178739 0 -0.19481488222069615 -0.0659857148600616
4.569138276553106 -0.026396088114531122 -0.002699775519782305 0.014678615868635576 0.05767339365196204 -0.23568646762078196 -0.0897909257967132 0 -0.1953353293634012 -0.05754707766110178
4.589178356713426 -0.03044972680944676 -0.000697719662398924 0.02517984073520242 0.052492554173857446 -0.23678057602046482 -0.08311211302566175 0 -0.19551541362703606 -0.04917863714575468
4.609218436873747 -0.021016102190047768 -0.0015175860048896803 0.02306473248016084 0.041728366759106884 -0.23138828024541463 -0.05896767456326695 0 -0.19536158375074877 -0.04089313981379901
4.629258517034068 -0.023034675446182283 -0.007461023558882734 0.01986162661123677 0.04341179890948442 -0.24121332502568588 -0.053765718250886864 0 -0.1948807247052063 -0.03270293912656481
4.649298597194389 -0.015918155842708746 -0.0017692848038015328 0.03370334887393931 0.051401687561894484 -0.22999566206315106 -0.04429669760723732 0 -0.19408013740470687 -0.024619982432753772
4.669338677354709 -0.008522670508696668 -0.0022929029203924292 0.03603980393483217 0.05812867266489401 -0.22759279675034247 -0.03346835072935118 0 -0.19296751811904195 -0.016655798839825823
4.68937875751503 -0.01049070180569625 0.005625960470180321 0.039989449424611155 0.05819594132909074 -0.2242847850869455 -0.02070373834131301 0 -0.1915509376258498 -0.008821488032679495
4.709418837675351 -0.010142067942366752 0.014443443627624111 0.05677983141641714 0.05204713617260012 -0.21752626509106154 -0.022732750993134973 0 -0.1898388201438341 -0.0011277100397286538
4.729458917835671 -0.009335578305187395 0.011461864121652825 0.0661545710369338 0.041935640078431376 -0.2148025146289641 -0.028012945580199605 0 -0.1878399220867898 0.0064153240551367485
4.749498997995992 -0.006436512949010354 0.016616630386931425 0.055865285438541204 0.04914982322161443 -0.2113964688530468 -0.008437194571344564 0 -0.18556331067788706 0.013797860457776704
4.7695390781563125 -0.002859832372662021 0.012691678740396978 0.06199509633906822 0.04567699150547627 -0.20286255927394778 0.0031827630740759033 0 -0.18301834246312157 0.021010610070816987
4.789579158316633 -0.006258950320694562 0.011123071696696456 0.06001634528359096 0.041531101418577535 -0.1882849001673819 0.013596901217848881 0 -0.18021464176223254 0.028044754968560917
4.809619238476953 -0.0031885168074812986 0.005048714301771904 0.05706251170323503 0.034045036545131836 -0.17320113759762595 0.022141731434496863 0 -0.17716207909474024 0.03489195394734536
4.829659318637274 -0.0035577845236575605 0.006887324332298606 0.060265957456925694 0.028864460690003247 -0.16641946658785986 0.027943990316039922 0 -0.1738707496180462 0.041544347160310593
4.849699398797595 -0.006923138218162362 0.00730886555731712 0.0553470479622267 0.023905504209841295 -0.1636417908051604 0.04555040869744845 0 -0.1703509516137901 0.047994559846914336
4.869739478957916 -0.004982134042280155 0.0029978968039855785 0.06374609346569232 0.01320797377393864 -0.16566039209434452 0.06081859605345568 0 -0.16661316505785198 0.054235705168855126
4.889779559118236 -0.002214099604838383 -0.0036978796687674154 0.0697763103379456 0.014227486153864781 -0.18016165404148346 0.05407894832302764 0 -0.1626680303085506 0.060261386165338326
4.909819639278557 -0.008418246239912547 -0.005366454731337539 0.07309567111340942 0.011284433622893907 -0.17440293127422474 0.05984701519656473 0 -0.15852632694669913 0.06606569684185726
4.929859719438878 -0.007329453514500143 -0.0048602823426888144 0.0783856587888919 0.01136641782653564 -0.16888949445827509 0.06866413683688065 0 -0.15419895280026 0.07164322240783723
4.949899799599198 0.002033173988726734 -0.0053129719542574045 0.07121781478116916 0.011082358308684878 -0.15644336163338896 0.07182415726226327 0 -0.14969690318537224 0.07698903867963301
4.969939879759519 0.004881035432713841 0.0003131655971082924 0.06382856939018466 -0.0031968296242603734 -0.15169574867828384 0.07776711578871859 0 -0.1450312503945343 0.08209871066644572
4.98997995991984 0.006787318099501487 0.006638024511643324 0.07105651428046206 -0.005019758109836144 -0.1584267383414497 0.07461215898412864 0 -0.1402131234616972 0.08696829035775815
5.01002004008016 0.0030212039031552074 0.0014054700217774121 0.06729739453619474 -0.0007957212319901199 -0.16281489900987575 0.08445825264201501 0 -0.13525368823295875 0.09159431373187304
5.03006012024048 0.004987618675752776 0.003749427001607986 0.07116953745644529 -0.013809889244701855 -0.16040995000872327 0.09138615672450735 0 -0.130164127770471 0.09597379700605943
5.050100200400801 0.010588992072332425 -0.0034288910048202886 0.06654447743119454 -0.012817287708039386 -0.15754836049647217 0.10292353685075421 0 -0.124955623116057 0.10010423214969172
5.070140280561122 0.0032320110806449936 0.002420183038327051 0.056522380110456724 -0.015199909449511157 -0.1498903073356738 0.10492612297178357 0 -0.1196393344399046 0.10398358168258227
5.090180360721443 0.010904653725300742 0.0009838724336290127 0.05416691108901302 -0.013997408318585427 -0.13743409913810872 0.1037166538295635 0 -0.11422638259854444 0.1076102727814824
5.110220440881763 0.018270688631165332 0.0009057325368152358 0.062362277648076586 -0.008669662627966139 -0.1337655155266278 0.10441748414572838 0 -0.1087278311251539 0.11098319071843225
5.130260521042084 0.020382033619146374 0.00830050146816314 0.06319108462885642 -0.004954880372465917 -0.13212164768147827 0.11058728493131803 0 -0.10315466867403644 0.11410167165530528
5.150300601202405 0.02065981129012252 0.008914551440345253 0.06628845535537678 -0.005815681291053288 -0.12429503011607893 0.09998578480213728 0 -0.09751779193993003 0.11696549481949188
5.170340681362725 0.030738453873878628 0.002912031829144821 0.07390423839780728 0.000998829241516662 -0.10816345214307391 0.10232335133292773 0 -0.091827989071579 0.11957487408622428
5.190380761523046 0.026698090432484414 -0.004623310864368245 0.073140612926921 -0.003780494810162137 -0.10662349891922261 0.1081286019278163 0 -0.08609592359778928 0.12193044899353568
5.210420841683367 0.03389356911276902 -0.0034269904584484207 0.07167696679778028 -0.005633480394062463 -0.09855570121758116 0.12033241656312059 0 -0.08033211888295927 0.12403327521629107
5.2304609218436875 0.03213655043975833 -0.00843143974293738 0.07667400542692623 -0.008373372715660745 -0.09672497601508094 0.11528408632659856 0 -0.07454694312784081 0.12588481452611883
5.2505010020040075 0.0230149501462301 -0.006765322697626817 0.0746992155130115 -0.015566747230101088 -0.09264133430706575 0.11302642406060197 0 -0.06875059493005885 0.12748692426440528
5.270541082164328 0.020880232903200527 -0.008328965739647587 0.0717218273836856 -0.015853564559819257 -0.09224400506917543 0.12992317692811448 0 -0.06295308941767759 0.12884184635580087
5.290581162324649 0.02736222870554343 -0.011155754614034301 0.06592701151025217 -0.017048100536320245 -0.08739689759966424 0.13388777809018113 0 -0.05716424496787647 0.12995219588991552
5.31062124248497 0.02579568272820439 -0.014755166204704984 0.05280745206056436 -0.026774100529492032 -0.08170142960506196 0.13849209323769812 0 -0.05139367052156174 0.13082094929906482
5.33066132264529 0.029819669705058744 -0.019305808788462272 0.045277259826980526 -0.020989624578630284 -0.06954521514488303 0.1601270877221338 0 -0.04565075350352708 0.13145143216005487
5.350701402805611 0.038897421012556124 -0.021173996574869826 0.03826064719131641 -0.038208393130834274 -0.06873950412053913 0.1546610918843585 0 -0.03994464835655599 0.1318473066480761
5.370741482965932 0.039375157183465584 -0.02547286628742066 0.04095964587929979 -0.043110588257394625 -0.05939269034484778 0.1539248354175907 0 -0.03428426569666136 0.1320125586708052
5.390781563126252 0.038087089667197704 -0.03685814534130221 0.03328663266646844 -0.04517216925657331 -0.05016661540497538 0.1553794886325041 0 -0.028678262095457194 0.1319514847107994
5.410821643286573 0.03444822861212222 -0.037070550864516036 0.0360190936510829 -0.04227736899975027 -0.04472569748003285 0.1492729876606041 0 -0.02313503049448549 0.13166867840420052
5.430861723446894 0.03892117307922599 -0.03637825994424616 0.03878836198966431 -0.05070748389590216 -0.040045837164412394 0.16461321519135227 0 -0.017662691255158177 0.13116901688365787
5.4509018036072145 0.04016979710733893 -0.03685045287315678 0.022958584308156865 -0.04763218462688465 -0.031303569834468546 0.15925206270653905 0 -0.01226908384682012 0.13045764691322273
5.4709418837675345 0.03505125768831887 -0.04888402594717995 0.0237632694161474 -0.055341217042361335 -0.02802410194029945 0.144424000494295 0 -0.006961759174320422 0.12953997084276794
5.490981963927855 0.032116537441622565 -0.050963766803153766 0.02647668476197193 -0.058665878866780145 -0.006333499177860395 0.1543305296019321 0 -0.0017479725453640638 0.12842163240924487
5.511022044088176 0.03766695766634012 -0.05226788977572224 0.015647743901132306 -0.05449090389316882 0.005439510162036869 0.15616351846187002 0 0.0033653227231637173 0.1271085024118066
5.531062124248497 0.038910001647910315 -0.04795008646960395 0.00943808682947467 -0.059905702436209865 0.005492874086298167 0.1479799705143897 0 0.008371481061779816 0.12560666428750333
5.551102204408817 0.03185259497462467 -0.049076356990566096 -0.009092621284036276 -0.047934462758550594 0.013775382727288892 0.14857150505158695 0 0.013264169770802815 0.1239223996138933
5.571142284569138 0.023505024762841106 -0.05541608829071895 -0.020392450474320912 -0.05696519930516043 0.013826936494156606 0.1449343073931944 0 0.018037373512500163 0.12206217356451435
5.591182364729459 0.025866610007137907 -0.05653246584456077 -0.03282728042356147 -0.05812022043860905 0.04123135221119059 0.14411883354934815 0 0.022685398177894264 0.12003262034272603
5.611222444889779 0.024276572403822146 -0.06780120644276452 -0.03086070947001558 -0.05022813116423415 0.04330290949132135 0.14645444787270967 0 0.02720287413410535 0.11784052861896151
5.6312625250501 0.023674220748367055 -0.0739123300167164 -0.03718071989560146 -0.05956635970059465 0.046128184981643595 0.14023400129485308 0 0.031584758859033016 0.11549282699592686
5.651302605210421 0.01690223911629084 -0.07344577418649939 -0.04333195645540337 -0.045139019389117 0.052917279080618586 0.14123926427740732 0 0.03582633897107871 0.11299656952575221
5.671342685370742 0.011733311366275357 -0.07150279478913482 -0.04267780626530361 -0.05004109006231478 0.06305430561956513 0.14320738556817664 0 0.0399232316624863 0.11035892130253222
5.691382765531062 0.009293136451019613 -0.07070766659578813 -0.053312181058415335 -0.041203891621623794 0.06822219410845566 0.12980206615740064 0 0.04387138554570848 0.10758714415310458
5.7114228456913825 0.0022694614521733083 -0.06709578748010042 -0.05765810693444917 -0.040804536950132614 0.07138483671893038 0.1267749757341187 0 0.047667080923016976 0.10468858244829253
5.731462925851703 -0.0012323220673202883 -0.0668724085340702 -0.05777011001160741 -0.04152039594802266 0.07460679994804907 0.12189919771390043 0 0.05130692949034162 0.10167064905619681
5.751503006012024 -0.0037583220640339953 -0.05533884758478987 -0.06690323250771844 -0.03597794937656404 0.06982951629044444 0.11266231120795701 0 0.05478787348706729 0.09854081145844912
5.771543086172344 -0.008335081413055861 -0.05127713159033268 -0.048509319171036513 -0.038878839340840715 0.07685496773905892 0.11101691553666818 0 0.05810718430421493 0.09530657804965387
5.791583166332665 -0.018531612377143097 -0.05962922375821197 -0.04411902150594131 -0.025126749237027176 0.08205541711007408 0.10955124409639748 0 0.061262460564106336 0.0919754846395304
5.811623246492986 -0.01567635605411323 -0.054313711225477276 -0.04217922969946808 -0.02892865509510885 0.0690883185488038 0.10865643025454202 0 0.06425162568524093 0.08855508117654197
5.831663326653306 -0.010243880983234194 -0.0567038558297927 -0.03633256111362138 -0.03845540884179944 0.0811146418386732 0.10885012457542562 0 0.06707292494671528 0.08505291871104621
5.851703406813627 -0.01148294228238622 -0.059465411651786385 -0.030994653102619073 -0.024836127425996037 0.0901112846107345 0.09907386925271476 0 0.0697249220670735 0.08147653661524272
5.871743486973948 -0.019059943364718453 -0.06265283811690031 -0.031146684527700818 -0.03177012355471151 0.0907217966838523 0.09662992231298137 0 0.07220649531300147 0.07783345007641751
5.891783567134269 -0.022647041325517314 -0.06404360565499187 -0.019539090526504137 -0.018358285759661964 0.09512992363996284 0.10215207771195331 0 0.07451683315377068 0.07413113787919026
5.911823647294589 -0.02740807235998226 -0.0595055447382119 -0.02986276941750348 -0.007985435116188792 0.10379035633043251 0.09321798379904797 0 0.0766554294777839 0.07037703049167576
5.9318637274549095 -0.028379617475104625 -0.056170217416829225 -0.022360778978493156 -0.01670250494870078 0.09933659706126075 0.08311486591069846 0 0.0786220783879949 0.06657849846965744
5.95190380761523 -0.027687918715468305 -0.05818716033804969 -0.029595683372072294 -0.016742179611070815 0.09048137180739813 0.09310268424523536 0 0.08041686859334897 0.0627428411920581
5.971943887775551 -0.02210856695693234 -0.058524360507946065 -0.02445997666986708 -0.0057510746481235315 0.09898690301118528 0.089299311914545 0 0.08204017741373842 0.05887727594016415
5.991983967935871 -0.02307483640947586 -0.05593430850794471 -0.02947919723434446 -0.006738795507770282 0.09339943973965828 0.09251279016110008 0 0.08349266441626785 0.054988927332236946
6.012024048096192 -0.024960284127533993 -0.05170741031439568 -0.0308871265429797 -0.01926809915501073 0.08870872681058732 0.08686395837097974 0 0.084775264700898 0.05108481712430978
6.032064128256513 -0.020658385328154574 -0.041402649795018696 -0.023553512911653623 -0.021941955594537054 0.08531781584754188 0.09461875653404501 0 0.08588918185376794 0.047171854387139944
6.052104208416833 -0.02379022022592381 -0.03908450308935191 -0.023705585212791643 -0.023887936074236414 0.09607376629563608 0.08952763181162839 0 0.08683588058669633 0.04325682606844672
6.072144288577154 -0.01981904755690391 -0.03434390945339864 -0.024061999243710344 -0.020072397602516306 0.11440343053758775 0.08207993542939064 0 0.08761707908152362 0.03934638794873839
6.092184368737475 -0.02491566461863723 -0.025627822681893432 -0.034402964885946845 -0.02780615175143157 0.12396268556386701 0.06979083370407975 0 0.0882347410580861 0.03544705599820162
6.112224448897796 -0.021463247298220765 -0.01842986410209379 -0.020090643162310795 -0.02768785449647313 0.11887717186428542 0.07259362433071605 0 0.08869106758470777 0.031565198141296144
6.132264529058116 -0.020516533743371528 -0.016180887115608524 -0.03830662734915586 -0.024908248860966663 0.11498801271271777 0.05922695531495972 0 0.08898848865015488 0.027707026434882705
6.152304609218437 -0.010909957316455315 -0.016315278547146626 -0.043465493853075285 -0.012712069623097446 0.10678227502772857 0.05466023337080705 0 0.08912965451602607 0.02387858966489327
6.1723446893787575 -0.008941799731661556 -0.02364883000322966 -0.025670383742208928 -0.010248574552986141 0.11598629483029088 0.05589609741431753 0 0.08911742686854532 0.020085766365750664
6.192384769539078 -0.018234719563693984 -0.020414641027129032 -0.019796387603322415 -0.020240747593582364 0.11691610035366841 0.057236868247425216 0 0.08895486978868743 0.016334258265941003
6.212424849699398 -0.016650150291085134 -0.012734449785720943 -0.024055513489990132 -0.019310773341263604 0.11942311232664701 0.0561579446997098 0 0.08864524055949763 0.01262958416236081
6.232464929859719 -0.030872706361575523 -0.007450896539704956 -0.028624090687037536 -0.02240624822685994 0.1264329069770207 0.052958268634330376 0 0.08819198032936655 0.00897707422527943
6.25250501002004 -0.0277439772229747 -0.0036465321504628116 -0.024123254481380356 -0.017663181995526897 0.12744246284172575 0.05339203715208975 0 0.08759870464989472 0.005381864734998078
6.27254509018036 -0.028127294524988876 0.002439613638607239 -0.035515734194374794 -0.014306575304774909 0.12925530464875376 0.03802712398108551 0 0.08686919390682116 0.0018488932505301098
6.292585170340681 -0.032031703609739844 0.007284100892243236 -0.02939316984450915 -0.008217294487376594 0.13419376465395894 0.02871182138274196 0 0.08600738366230584 -0.0016171057901045293
6.312625250501002 -0.02903930572012557 0.008575492010301751 -0.02780884522295716 -0.013425754686254381 0.131638081269123 0.021468298739529046 0 0.08501735492664281 -0.005011605039099145
6.332665330661323 -0.032944228555378305 0.008121109517317914 -0.026036034445950977 -0.009134041705409724 0.13081791401551685 0.00612896882123797 0 0.08390332437724012 -0.008330287779432092
6.352705410821643 -0.031715998506066836 -0.005699847725324742 -0.018891988931359106 -0.008800918836682919 0.12962348098420315 0.0047290674007637095 0 0.0826696345424395 -0.011569051039310585
6.372745490981964 -0.027878706679900524 -0.006443463136262679 -0.019190355798634564 -0.004956139814121988 0.12892975605263957 -0.00915908404877139 0 0.08132074396745811 -0.0147240082836808
6.3927855711422845 -0.02072405199573403 -0.0028036988327208357 -0.021391200312337558 -0.00021557399136397715 0.12386585825213679 -0.025909779192014783 0 0.07986121737942338 -0.017791491686645705
6.4128256513026045 -0.024422477876528428 -0.00140746220813541 -0.021880526398962933 0.011343652802383435 0.13797950329026457 -0.023736435193591084 0 0.07829571586813511 -0.0207680539892689
6.432865731462925 -0.01741079110601793 -0.007442991046238183 -0.009381870580324327 0.005241759485194752 0.13138982585656736 -0.02040498268423646 0 0.07662898709883378 -0.023650469947850424
6.452905811623246 -0.014374131140997554 -0.010115617430909829 -0.010738837467428472 0.008464375038107517 0.12275028542532677 -0.02478821209005258 0 0.07486585557287677 -0.026435737378351646
6.472945891783567 -0.018656090522686145 -0.004339346589609575 -0.004478308453724971 -0.0022442638673465048 0.11242334695219706 -0.021645303201120878 0 0.07301121295182664 -0.029121077803219802
6.492985971943887 -0.019904675981538566 -0.006363387365262782 -0.005255793751227793 0.0060845755291171495 0.096638823968401 -0.03446659740332363 0 0.07107000846004244 -0.03170393670740578
6.513026052104208 -0.022305286478507044 -0.0028792745851086627 -0.004375960142381246 0.0010144456941607284 0.09878213300801775 -0.03643646702391613 0 0.06904723938043145 -0.03418198341089797
6.533066132264529 -0.0224317475010031 0.005919120898806223 -0.0023773942250072872 0.011366367433167476 0.09840522041685969 -0.04360655724608488 0 0.06694794165757245 -0.036553110565594175
6.55310621242485 -0.025630332902500656 0.006815825841558932 0.0056734930971920556 0.004266167688529191 0.09721157769824629 -0.05006630778867126 0 0.06477718062195571 -0.03881543328481746
6.57314629258517 -0.02551791658259019 0.00726101420591904 -0.004673891480065608 0.004086845751683835 0.09811910299678862 -0.05213935068589381 0 0.06254004184860978 -0.04096728791423327
6.593186372745491 -0.02730913104644118 0.010040333315863261 -0.012161071583514399 0.002440526898136738 0.09286945806049432 -0.058827630072969636 0 0.060241622162893464 -0.04300723045336066
6.613226452905812 -0.035137307800142105 0.00751129778696855 -0.0240675296787878 0.009661178468746642 0.10051331805452285 -0.056881021497314145 0 0.057887020805730695 -0.04493403463727556
6.633266533066132 -0.02983368998212079 0.01843116249862936 -0.029903704757053354 0.011302522570521249 0.09736967355666754 -0.06431239704236395 0 0.05548133077005048 -0.04674668968849093
6.6533066132264524 -0.025621856017353617 0.01369985740126552 -0.023322330760954402 0.01239008183288658 0.08022529494399473 -0.05459487014257608 0 0.0530296303196736 -0.04844439774935512
6.673346693386773 -0.027204856309961997 0.011797249531723805 -0.023636518252561387 -0.0010770978745857462 0.0809858826512789 -0.060635767535009245 0 0.05053697470135707 -0.05002657100564495
6.693386773547094 -0.025195066248110763 0.01084431859437523 -0.02497840671513328 0.004152583654179959 0.08601204812730388 -0.047236019787233595 0 0.048008388060164935 -0.05149282851234159
6.713426853707414 -0.01936286461138706 0.011678320147073665 -0.018031116852373533 0.003149561183546192 0.08471578795944866 -0.04761874860087978 0 0.04544885556779296 -0.05284299273286013
6.733466933867735 -0.02141799050574115 0.020705035417063394 -0.0045077346516937365 0.006099932735680252 0.07052746943127221 -0.049186334938923715 0 0.04286331577292051 -0.054077085803266194
6.753507014028056 -0.02245045728230539 0.009361171741540055 -0.005435294406712492 0.013694147202779002 0.06724189030510279 -0.05362880170057053 0 0.0402566531821112 -0.05519532553324704
6.773547094188377 -0.022187052891906343 0.01129822818323548 -0.00838998497292046 0.00992399459013985 0.06646730349621126 -0.04896588752821738 0 0.03763369107922083 -0.05619812115581788
6.793587174348697 -0.02524959294616565 0.006112066482517942 -0.008362941062845866 0.015295477438591464 0.060725716966896943 -0.054763745408049326 0 0.034999184590714896 -0.05708606883792924
6.813627254509018 -0.019752890005281104 0.008696700324813737 -0.002414312074146346 0.008401093584037395 0.051069821428941925 -0.0472188937178662 0 0.03235781400373173 -0.057859946964304694
6.833667334669339 -0.022148811559011394 0.017202239196248487 0.01031057664307712 0.01265264355465988 0.06181511488516782 -0.04834878941488495 0 0.02971417834316848 -0.05852071120697639
6.853707414829659 -0.033117104056463745 0.010319509316565754 0.008781897338229438 0.00749707459386913 0.056103707751865455 -0.06766703889039988 0 0.027072789213500602 -0.05906948939310116
6.8737474949899795 -0.031291088964031336 0.01496016736587129 0.008531627984674845 0.018038052688022173 0.05941066646473416 -0.07994664468989507 0 0.024438064910488118 -0.05950757618373037
6.8937875751503 -0.028251472226314057 0.019854804185335178 0.012832863545391976 0.013839865645367584 0.06063998581186771 -0.08065232019222335 0 0.021814324807363974 -0.05983642757627506
6.913827655310621 -0.017777426056561192 0.019941036495552285 0.0137909421936114 0.0035147734269954543 0.05737278130509538 -0.08940915911519208 0 0.019205784019541292 -0.06005765524345313
6.933867735470941 -0.0231071950736303 0.019676715085621733 0.019745686055405824 0.008999425486327501 0.048700357262962846 -0.09953139507309024 0 0.016616548351329943 -0.060173020721527574
6.953907815631262 -0.02148896829655276 0.02331153272915412 0.02523152976691264 0.012964320486558946 0.041616762451475914 -0.09990765676732755 0 0.014050609527603704 -0.06018442946064545
6.973947895791583 -0.019215751417044284 0.01785645209916201 0.018816436737843726 0.004164937098570261 0.024495178495745853 -0.10794847295908688 0 0.011511840712822923 -0.06009392475006618
6.993987975951904 -0.01784912692312564 0.015484524615033286 0.020449793710496333 -0.0019668287123686236 0.00885628227996355 -0.11487710451496021 0 0.009003992319279945 -0.059903681531025176
7.014028056112224 -0.01949174690187909 0.02143618440582534 0.018841243169777595 0.005255794991939125 0.005110814478217607 -0.10584106627763315 0 0.006530688105913265 -0.05961600010991609
7.034068136272545 -0.027847555376762572 0.023139744296186465 0.032007211560320104 0.01011908687269936 -0.01342096297701547 -0.11153988577598914 0 0.004095421568515311 -0.05923329978439139
7.054108216432866 -0.025040030454540056 0.028237812456955166 0.031050341086226795 0.0012340349658389442 -0.006778751740845551 -0.10436473038430877 0 0.001701552621653315 -0.05875811239487848
7.074148296593186 -0.01829381532171352 0.023119640115038653 0.03613414875636703 0.004227989349639373 -0.015051719424456626 -0.0987421468408841 0 -0.0006476954278804022 -0.05819307581388637
7.0941883767535066 -0.021323610366760615 0.03081837673682498 0.039621088945165854 -0.0019459533638145755 -0.01967055576739277 -0.09527293597050489 0 -0.0029492386167581904 -0.057540927385337504
7.114228456913827 -0.026622516674754695 0.04051570767643618 0.03265293836311971 0.010506078824430514 -0.022497873214250442 -0.10473143438682178 0 -0.005200134771094637 -0.05680449732600141
7.134268537074148 -0.029315556772948847 0.034904888879896415 0.035548199718728586 0.011783552672964518 -0.02383991420614685 -0.10168893900889456 0 -0.00739758566432925 -0.05598670210093061
7.154308617234468 -0.021734839961748385 0.0331391586161914 0.033465385445663236 0.014696089731335009 -0.028173612228176603 -0.10018910107350606 0 -0.009538938889082658 -0.055090537784607665
7.174348697394789 -0.018124818334226543 0.03943622859713991 0.03714938301377813 0.005542852835663095 -0.03983719622900679 -0.09133483147209279 0 -0.011621689445499777 -0.05411907341930363
7.19438877755511 -0.020884090876239 0.04510539740792674 0.03095070497511943 0.010557653537417425 -0.04531526358634716 -0.08558321585464479 0 -0.013643481049019857 -0.05307544438192522
7.214428857715431 -0.01807474284323563 0.04845587874249872 0.03351652876171344 0.009455368951537686 -0.06555121696409597 -0.07508440747712451 0 -0.01560210716093242 -0.051962845770389086
7.234468937875751 -0.015191316654449052 0.04275977864894652 0.039816889888775985 3.3321290157658054e-05 -0.07270406337720468 -0.0769202498561072 0 -0.017495511745476512 -0.0507845258203106
7.254509018036072 -0.019588117973232955 0.04308803442026295 0.04453490527678549 -0.004560537128222424 -0.08873859690052797 -0.07536798440993558 0 -0.01932178975763062 -0.049543779362528295
7.274549098196393 -0.01363161105891757 0.05094166238288192 0.04601941829689657 -0.007318507958540282 -0.10368228375543662 -0.06286522655424394 0 -0.021079187366111106 -0.048243941331708534
7.294589178356713 -0.014033392864458562 0.04450369006909698 0.05398367214839171 -0.012783455592676948 -0.08668791585333374 -0.060394510129799996 0 -0.02276610191645751 -0.04688838033598407
7.314629258517034 -0.01122955986578276 0.04541172783987742 0.05757729804993383 -0.01627375344701331 -0.08114800319702214 -0.06341520672093334 0 -0.024381081639423173 -0.045480492297280344
7.3346693386773545 -0.0069938072701578625 0.04447000383070331 0.06298792928455156 -0.01649411282121276 -0.07904107896941576 -0.06108987394601438 0 -0.025922825110216555 -0.04402369417167309
7.354709418837675 -0.010726247912263094 0.036814945357413496 0.05349189413818114 -0.03068699293749205 -0.07587656297590478 -0.062075751704427536 0 -0.027390180464451564 -0.04252141775879809
7.374749498997995 -0.0085298668760861 0.03679553731354814 0.05816971996722075 -0.026451802324438056 -0.07305269401322873 -0.05670702234958733 0 -0.028782144376957537 -0.04097710360900696
7.394789579158316 -0.012099794895309676 0.034706259122313926 0.049957110377746985 -0.02840843710284696 -0.0822280334599448 -0.04670113879364866 0 -0.030097860809880046 -0.03939419503662299
7.414829659318637 -0.020539805084622123 0.027759009604145516 0.04325971952732823 -0.04383038246607274 -0.08035823832398878 -0.039995279174127804 0 -0.03133661953676414 -0.037776132247308566
7.434869739478958 -0.017487967900621848 0.030860914604414463 0.04056184784784499 -0.03731603744062757 -0.07832632438240753 -0.03677485698845851 0 -0.03249785444955963 -0.03612634658720073
7.454909819639278 -0.011990001013390502 0.03696457951256641 0.036594937051712365 -0.02999746754296544 -0.07474163485445427 -0.03514357233917029 0 -0.03358114165571486 -0.03444825492111689
7.474949899799599 -0.007844323956216355 0.03369152484470964 0.03845908877640685 -0.03568552554777789 -0.07503012660195538 -0.04007942374471446 0 -0.034586197372739484 -0.03274525414676742
7.49498997995992 -0.013464083070685206 0.027247330083238756 0.03311314882997165 -0.037735605295269634 -0.07086303247487565 -0.03946003176300319 0 -0.03551287562781125 -0.03102071585154665
7.51503006012024 -0.0024208480482373817 0.023108169483994374 0.0240070819530986 -0.02615498915437977 -0.07272744551532268 -0.034609297845648944 0 -0.03636116577018231 -0.029277981118099795
7.535070140280561 -0.003746219841714318 0.032117532922692496 0.016707691571626965 -0.025842601424438023 -0.07827244398379815 -0.04206154703333158 0 -0.03713118980430195 -0.027520355484491214
7.5551102204408815 -0.005983073252768218 0.034711911716730805 0.018458411058029107 -0.02333232103922508 -0.06941032073525724 -0.0377699003551595 0 -0.037823199551718346 -0.025751104064422478
7.575150300601202 -0.011854693936586095 0.028412936466532278 0.015391936907827702 -0.02203213065458715 -0.07208350920334679 -0.03184639259789918 0 -0.0384375736499524 -0.02397344683256819
7.595190380761522 -0.016497329033238424 0.030814851253633486 0.015729190997853974 -0.026565509346477226 -0.07335544987555914 -0.029469944983915263 0 -0.038974814396648454 -0.022190554079720662
7.615230460921843 -0.01614748520358272 0.031146441529125286 0.00533267624757505 -0.030491191252612432 -0.07451637360802581 -0.023148047124368423 0 -0.039435544447404054 -0.020405542042052225
7.635270541082164 -0.00260956252482968 0.02656319289744142 0.008083898053706878 -0.026669781300868913 -0.07253978046700262 -0.016691337087769587 0 -0.039820503375760756 -0.018621468708426687
7.655310621242485 -0.009849149433674124 0.028459364274795933 0.013515942295312432 -0.015606466307133129 -0.08561567416585958 -0.019060482247186795 0 -0.04013054410390351 -0.016841329809309673
7.675350701402805 -0.01443115601918844 0.024779158981262282 0.0159516259043783 -0.009101648167865801 -0.07646100736726844 -0.014679415177852788 0 -0.040366629212664144 -0.01506805499045314
7.695390781563126 -0.018749544453149018 0.019108887864473918 0.012304306271705753 -0.011391552739358175 -0.06628740478916226 -0.012654709956440104 0 -0.0405298271394585 -0.01330450417415206
7.715430861723447 -0.020561276488555578 0.021512550525854747 0.022757381931716815 -0.0033912948566044176 -0.0691852297879557 -0.00994455294497882 0 -0.040621308272804135 -0.011553464110500896
7.735470941883767 -0.021379198367408214 0.02873206279008218 0.02721844730617515 -0.008395410904135267 -0.06209475653853632 -0.0071267589972956805 0 -0.040642340952069825 -0.009817645120705704
7.755511022044088 -0.01695038452653133 0.03449288860858778 0.02544180467938797 -0.013724892784205913 -0.05763152260350862 -0.016218059220021844 0 -0.040594287381095356 -0.008099678034144507
7.775551102204409 -0.018806168488736025 0.03642326469962666 0.02861929021638847 -0.01402613603966674 -0.05787669120079923 -0.016921477260508827 0 -0.04047859946429507 -0.006402111320507655
7.7955911823647295 -0.026690198507360853 0.03561509258926068 0.02038544295029829 -0.019259679082754406 -0.07435801174664329 -0.009886762342688333 0 -0.040296814573818375 -0.004727408417991746
7.8156312625250495 -0.03013535542468028 0.043574598950323784 0.02699136999391097 -0.010276864655453109 -0.07404365849246798 -0.009655649552842668 0 -0.040050551256286766 -0.00307794525817273
7.83567134268537 -0.02583543667091058 0.050081632973873365 0.01225105347343694 -0.01195763275978274 -0.07790496563302753 -0.004632311507208042 0 -0.039741504887560196 -0.0014560079878370596
7.855711422845691 -0.021465832346821187 0.048618618179694026 0.0038528932703790287 -0.01848018170147306 -0.06869889540761363 0.0034252938923926895 0 -0.03937144328390546 0.00013620911228658035
7.875751503006012 -0.014043928004575271 0.050985545432132434 -0.00020842904242196903 -0.01660304335416415 -0.07052576881574456 0.0036161041903642064 0 -0.03894220227784707 0.0016966055122865195
7.895791583166332 -0.017591710567876506 0.04693011353617616 0.003179560368795094 -0.01396116121355687 -0.06700921121855455 0.005382395250348162 0 -0.03845568126687621 0.003223176122031574
7.915831663326653 -0.02046619852152567 0.04626383313899151 -0.00460195503395785 -0.005549457018021429 -0.06345506228772636 0.008803094831061994 0 -0.037913838743077195 0.0047140127853706245
7.935871743486974 -0.014350040558635445 0.03986473102043484 -0.009870101780832937 -0.011863368959845667 -0.05100072815151495 -0.0034292726032846463 0 -0.03731868781160331 0.006167305580906874
7.955911823647294 -0.01710608366577913 0.03989219082263313 -0.007419405312757982 -0.015902271007128255 -0.05340627838037608 -0.00652392386862173 0 -0.03667229170579489 0.0075813439309879585
7.975951903807615 -0.01654305676320942 0.0449702818373688 -0.011117268508381014 -0.018359145374037853 -0.05754714629193788 -0.022195566375675577 0 -0.03597675930658406 0.008954517520842654
7.995991983967936 -0.0159787731616278 0.04174726252880367 -0.012062129386337122 -0.024279384180739876 -0.06500100918065677 -0.02290116728429392 0 -0.03523424067367165 0.010285317030077509
8.016032064128256 -0.022965330801350645 0.04491137151808233 -0.00879393655976915 -0.01917030934942388 -0.06498403171145373 -0.0380553923968475 0 -0.034446922595792816 0.011572334679021445
8.036072144288577 -0.017288223229406527 0.04428980902407659 0.0009651078205437154 -0.016679112812671346 -0.0643380144132853 -0.0402119766824819 0 -0.03361702416721095 0.012814264592668212
8.056112224448897 -0.020854105024110847 0.032898933215241094 0.009322596203643292 -0.002527413634110867 -0.06873459544838856 -0.04165994785060771 0 -0.03274679239739392 0.014009902985220236
8.076152304609218 -0.023788393069345826 0.0259076560842965 0.008353664359073367 0.00047499058394101333 -0.06370478125959612 -0.02815317784572715 0 -0.03183849786063133 0.015158148168482544
8.09619238476954 -0.023505809076717385 0.026829101317088575 0.016139437144806364 -0.002878311423280577 -0.057636327025675456 -0.024928676025045424 0 -0.03089443039215133 0.016258000387586614
8.11623246492986 -0.02545993511422166 0.022227607613724956 0.011421270704904183 0.003698951165235269 -0.04729416585844915 -0.016951937705185247 0 -0.029916894837085886 0.01730856148774797
8.13627254509018 -0.027756146492482855 0.03301548688785574 0.013637218666521688 0.014671529985564294 -0.04781443314505643 -0.013388200662878234 0 -0.02890820685841877 0.01830903441597279
8.1563126252505 -0.024586676550649812 0.029894081864666473 0.0005332577642896668 0.020012237048320856 -0.04359481404666833 -0.02394215272894113 0 -0.027870688809828136 0.019258722561830643
8.176352705410821 -0.025951061238626883 0.027697120289579654 -0.0003028034198016536 0.02695946481127844 -0.043149329030432 -0.013406781107350572 0 -0.02680666567911084 0.02015702894159905
8.196392785571142 -0.027437610658586912 0.02941216984108656 0.007526966286547043 0.025762982414534712 -0.04371670750557289 -0.010354987552014435 0 -0.025718461107640204 0.0210034552302674
8.216432865731463 -0.02462133610565154 0.03550984336645641 0.003015923204209047 0.013388443184253324 -0.044635294086545714 -0.008386071413872657 0 -0.02460839349107554 0.0217976006460533
8.236472945891784 -0.019686861670370596 0.031593087079974956 -0.0001640208130880355 -0.005011708498700661 -0.05569505164205679 -0.008721335806199161 0 -0.023478772166299008 0.022539160692242616
8.256513026052104 -0.024680140280347304 0.03180045004270984 0.003517088357501651 -0.00986571062510329 -0.05568936416009419 -0.01276868789583557 0 -0.022331893689311596 0.023227925761309772
8.276553106212425 -0.02001122924218287 0.03660406309174143 -0.002106289022480131 -0.00548507765373834 -0.05034452130234986 -0.01958028064516514 0 -0.021170038208572405 0.023863779606409213
8.296593186372744 -0.022484501867436172 0.025218192121848556 0.0038743165345584162 -0.009469411598250127 -0.04000962342689838 -0.014083974336573789 0 -0.019995465938015253 0.024446697685451935
8.316633266533065 -0.01453273163063974 0.030675990716514976 -0.00037087482889259295 -0.01307700864281236 -0.03288699377452352 -0.008002503425221423 0 -0.018810413733723476 0.02497674538309329
8.336673346693386 -0.012803738327464495 0.032821587324312694 -0.010701608752909042 -0.016711405560583554 -0.0291608707739492 -0.0055883357551577365 0 -0.017617091777991825 0.02545407611605763
8.356713426853707 -0.0004903370590464451 0.04348067801921774 -0.009801912957333101 -0.021500731966617594 -0.026680115153774695 0.0038883796378749533 0 -0.016417680374245413 0.025878929327316766
8.376753507014028 -0.005037449353402908 0.047981236596583834 -0.007734959355161146 -0.007924851135831428 -0.022992765371091742 0.009065564692957554 0 -0.015214326856033003 0.026251628374715716
8.396793587174349 -0.0023547295318687195 0.04515963243593081 -0.0019149050749901824 -0.013597247501522572 -0.026437074591722575 0.009731481982290091 0 -0.014009142613053307 0.02657257831970759
8.41683366733467 -0.0011035018162374169 0.04087859202788025 0.0034513129748895486 -0.019366709210904987 -0.023057286116964802 0.014315043988192689 0 -0.01280420023691712 0.02684226362191565
8.436873747494989 -0.0007084889379727825 0.039837569174828204 -0.007753718067298835 -0.026105930616168952 -0.027829723800705024 0.011952029405746483 0 -0.01160153078909235 0.027061245745286122
8.45691382765531 0.0026009944362179248 0.03891525719401892 0.002364784454940671 -0.022833883442539775 -0.03205179177735006 0.014639762604536338 0 -0.010403121193223102 0.027230160681630755
8.47695390781563 0.001994527129520064 0.04578729043485686 -0.0008851354472172123 -0.030026880884955226 -0.01313618095681123 0.01729534045886913 0 -0.009210911753762704 0.027349716397381877
8.496993987975952 -0.003074677012252389 0.038178838694060406 -0.0157592736026047 -0.028438536447418023 -0.012070447870659312 0.017948424930601576 0 -0.008026793802604898 0.027420690209397976
8.517034068136272 -0.002502656226421669 0.037880096202396546 -0.006217878217403918 -0.03908024953515745 -0.011778787749071 0.0193032649114232 0 -0.006852607475151454 0.027443926095660858
8.537074148296593 -6.978328376525509e-05 0.032502865464894025 -0.010048716429835711 -0.037859410342902744 -0.011531890308360554 0.028267807807673146 0 -0.0056901396170050056 0.02742033194670024
8.557114228456914 0.0034584192653482945 0.04103650065854685 -0.014793735022285742 -0.03816078535611189 -0.0076137154036502504 0.02879172826864021 0 -0.004541121822232374 0.02735087676356563
8.577154308617233 0.009580967644347618 0.03526540042342994 -0.014353857845941067 -0.019884788978268352 -0.0030083159133547583 0.03292561673329643 0 -0.0034072286039025608 0.027236587808140367
8.597194388777554 0.010356899198413429 0.03768742897004665 -0.012660235043991542 -0.03664641884925871 -0.00439515154139772 0.03186596596406352 0 -0.0022900756973654574 0.027078547711558144
8.617234468937875 0.015656862691834632 0.03922680566421781 -0.004271006060419562 -0.04116167156947547 -0.01115077848011622 0.03829243663776021 0 -0.0011912184965058629 0.026877891546439006
8.637274549098196 0.011523888546521813 0.034967458817970476 -0.0160106715464297 -0.046184821779990094 -0.010719660651534745 0.04913496416288811 0 -0.00011215062297460219 0.026635803868609156
8.657314629258517 0.015491711417941607 0.034356578565346074 -0.01570710878622601 -0.04218384281087344 -0.0019637050456246968 0.0498961798381638 0 0.0009456973718226843 0.026353515733908588
8.677354709418838 0.022673375430548592 0.02822524223719374 -0.029038440544475387 -0.04880241375267559 -0.009485353318572866 0.05004333445353739 0 0.0019809591724205804 0.026032301695620933
8.697394789579159 0.01615492186256592 0.02028933421320394 -0.014733609249028279 -0.040622347604011885 -0.0007981412722412482 0.05331833518804957 0 0.0029923337333283345 0.025673476787983356
8.71743486973948 0.010298644074414496 0.016857666615886696 -0.004283589524729494 -0.042548862951821566 -0.005595017578124629 0.04511467188273547 0 0.003978586182268837 0.025278393501149098
8.737474949899799 0.014805605779245666 0.014525147512606782 -0.012256942817522041 -0.039510288662931416 -0.0036289916996680243 0.03243082252123703 0 0.00493854859369101 0.024848438752883492
8.75751503006012 0.01997287009863273 0.01992578190125541 -0.021938264529833877 -0.022768673955812266 -0.0007131629259108051 0.03096766884932943 0 0.00587112063382304 0.02438503086217462
8.77755511022044 0.029881406025256796 0.013285794728653768 -0.02292699848302669 -0.030478306064109912 0.010850544282453668 0.03066611801574623 0 0.00677527007872404 0.023889616529834488
8.797595190380761 0.040274577828710516 0.011282488889818237 -0.02388458338728617 -0.04626111110780881 0.0206353148132214 0.02284278413016405 0 0.007650033206980306 0.023363667831052905
8.817635270541082 0.04131725784602879 0.0004921281136443061 -0.019615608099901264 -0.02971567307372449 0.016355063321245786 0.025205803292632077 0 0.008494515068868523 0.02280867922474876
8.837675350701403 0.04892658889027876 0.010275067167761973 -0.02298680082934161 -0.03613065273162723 0.02599004124101218 0.035135916610552924 0 0.009307889633982665 0.022226164584438213
8.857715430861724 0.04200587753099442 0.011219231089158833 -0.017007162521825343 -0.03594122332566843 0.034426955778675605 0.026448011316112165 0 0.010089399819486373 0.021617654255209555
8.877755511022043 0.04039065643339059 0.011340367704748102 -0.03817807399260144 -0.043269463225416756 0.02593375882522911 0.03334511429455984 0 0.010838357401311534 0.02098469214125933
8.897795591182364 0.037419366307814984 0.005374422466461544 -0.030061417131899335 -0.04287100078403538 0.03802403346927749 0.03232004149161937 0 0.011554142810775847 0.02032883282830384
8.917835671342685 0.04032456743696454 0.007378072707949847 -0.02270049937189857 -0.04436725233597876 0.0422725892330413 0.02474763418110386 0 0.012236204819235442 0.01965163874503699
8.937875751503006 0.045152255603771736 0.011139470866843259 -0.01252734485893123 -0.02592085751418339 0.03169208393748338 0.033379163502899566 0 0.012884060113528098 0.01895467736765451
8.957915831663327 0.04700018544640348 0.0064091395818292925 -0.02097235884927194 -0.04214920322229551 0.03487322918312555 0.030184180717735567 0 0.013497292765090173 0.018239518471314223
8.977955911823647 0.04537311064437672 0.010121369170660269 -0.015827441481672713 -0.0493702730790717 0.040529676984272525 0.027988078846537295 0 0.01407555359575422 0.017507731432244655
8.997995991983968 0.043738203534202186 0.011115490486447143 -0.02507879725216167 -0.04815394306905583 0.039875293908697186 0.025705477499121242 0 0.014618559443348673 0.01676088258405547
9.018036072144287 0.03934760214286868 0.016837939005624684 -0.02316473172715818 -0.04155836453242254 0.029825438517316574 0.025941983475665942 0 0.015126092330328376 0.0160005326316412
9.038076152304608 0.04171556874824984 0.014526929644986258 -0.026718208716418026 -0.04816961564712496 0.027360287265789186 0.031056963758335714 0 0.015597998538764831 0.015228234125904606
9.05811623246493 0.0357192728532262 0.014169149733028259 -0.03096964194707144 -0.04992601151701871 0.032830782321210526 0.027549865228851445 0 0.016034187595116278 0.014445529002360619
9.07815631262525 0.03514323714883143 0.016685346761220708 -0.044799830535722916 -0.06946809523846961 0.0458467012359088 0.030518563282604452 0 0.0164346311682838 0.013653946186510934
9.098196392785571 0.038977191555538714 0.015477612010883879 -0.045663128933658995 -0.06759880513927187 0.049276664377928235 0.01933351506195775 0 0.016799361884535177 0.01285499926871134
9.118236472945892 0.03552203349355837 0.007055260396480975 -0.03713740958704616 -0.05437568153756727 0.04974632609203809 0.013539961067093223 0 0.017128472062948305 0.012050184251081203
9.138276553106213 0.030808884960041336 0.004317061653150551 -0.03876888988010664 -0.05350177829231667 0.052076450740732624 0.005374800668044066 0 0.01742211237508777 0.011240977368832542
9.158316633266534 0.03155660315906769 0.006890225683890322 -0.036548886055276245 -0.04834506970657977 0.050730585846152434 0.0011172574269470723 0 0.017680490432682418 0.010428832988223297
9.178356713426853 0.03942294912970239 -0.0015431380757928977 -0.04416422811647137 -0.06236871678441046 0.049359920505514944 0.005901319823159481 0 0.0179038693071186 0.009615181583166148
9.198396793587174 0.03242423937863657 -0.0042932759919766545 -0.042556880795811824 -0.05252292414801626 0.044784287894247175 -0.0014615405655270825 0 0.018092565984603532 0.008801427792350585
9.218436873747494 0.02805895302677782 -0.0026250906521981597 -0.03974165482462307 -0.054380472013583696 0.041108807875662644 -0.001503795311859563 0 0.01824694976088496 0.007988948558564576
9.238476953907815 0.02312308970498403 -0.005700708620209642 -0.04413754411824132 -0.0502941157440289 0.0349398001213277 -0.009722830778980125 0 0.018367440579439002 0.007179091351727252
9.258517034068136 0.023135840291036887 -0.021524264151223837 -0.04731794214886244 -0.04198717346649643 0.038584210012942134 0.0016157974433822898 0 0.0184545073170553 0.006373172476975195
9.278557114228457 0.019454971487411113 -0.008313733733646293 -0.04963047853896892 -0.053003448168659525 0.03257919285350694 0.0025223252506336503 0 0.01850866602075992 0.005572475468972982
9.298597194388778 0.02172274485139533 -0.017721001508956287 -0.048901150468521115 -0.034470695427106644 0.02930813774784234 0.016861857474283745 0 0.018530478100020394 0.004778249573450321
9.318637274549097 0.021158248624188386 -0.017697459135579754 -0.04551178356879659 -0.024343673089378123 0.028731994290898216 0.013677723508546036 0 0.01852054847817447 0.003991708316800766
9.338677354709418 0.020916715729446193 -0.018233081152251942 -0.048668652666922343 -0.013810075319399422 0.03751665054226532 0.014135065023793103 0 0.018479523707015024 0.003214028164411208
9.358717434869739 0.015605759766593067 -0.014544131877512344 -0.04529180959388066 -0.018314632046684296 0.04061006022798416 0.018059583759976065 0 0.018408090048447703 0.0024463472682295854
9.37875751503006 0.016917527128908212 -0.022536334212104707 -0.051203738479027455 -0.015998542574209428 0.032286768380958626 0.006141271262564158 0 0.01830697152711574 0.00168976430391497
9.39879759519038 0.01592920584171095 -0.016505497009581847 -0.05392411206280419 -0.016474762955505397 0.03644574884234986 0.0003840596775519134 0 0.01817692795785834 0.0009453373977584677
9.418837675350701 0.01917272121051459 -0.018333830174918114 -0.05484864861167933 -0.015741581579376326 0.047804453557961646 -0.009398355884869557 0 0.018018752951834645 0.0002140831434064439
9.438877755511022 0.020708676207612752 -0.017629250936778255 -0.05742599278952423 0.005007219418005691 0.04893418160589245 -0.008319347073478426 0 0.017833271905105485 -0.0005030242917342298
9.458917835671341 0.011694100875157827 -0.011409711279513816 -0.05746745994972087 0.007679519815705479 0.04712842279779211 -0.0028362633038921106 0 0.017621339973419425 -0.0012050539706783953
9.478957915831662 0.007727255285191195 -0.01656078639218825 -0.06133297230532937 0.016506866604072565 0.059103397404051544 -0.003609665589443035 0 0.017383840036898444 -0.0018911189020479184
9.498997995991983 0.0039730396555358585 -0.01825348459977373 -0.07180821278048292 0.022139781606024617 0.05990212501515569 -0.009163818108689417 0 0.017121680658262882 -0.0025603766668165517
9.519038076152304 0.008832280245196918 -0.023864629990423547 -0.06469576792431966 0.030396233003606526 0.05900948383584607 -0.019803739266037797 0 0.016835794038173136 -0.003212029957311348
9.539078156312625 0.005608614575633051 -0.02573020576070941 -0.05655496212944457 0.019166886320532595 0.057368909727870974 -0.013905580950097467 0 0.01652713397120027 -0.003845327029299895
9.559118236472946 0.013056739961674781 -0.021945678345877382 -0.038022258604306115 0.016214807823104416 0.0683583001099993 -0.012992433255459237 0 0.016196673805866507 -0.004459562068124327
9.579158316633267 0.013090611934339118 -0.018742689473905387 -0.02904475818534093 0.007833402833059246 0.06169327333835044 -0.017833574778142285 0 0.015845404412121598 -0.005054075469968798
9.599198396793588 0.004815200789527519 -0.012582937344025127 -0.02562798144763986 0.00801380348151512 0.05151548657854979 -0.012137759719778995 0 0.015474332159541639 -0.0056282540394690045
9.619238476953907 0.00410336706048379 -0.019897358736984946 -0.025802202435418514 0.014351784220490002 0.06171082942997907 -0.009548182630268277 0 0.015084476909453661 -0.006181531104989631
9.639278557114228 0.006740678677883719 -0.012891582627047246 -0.024217633567471357 0.02491269618214534 0.06022516878474065 -0.013443137063525543 0 0.014676870024101998 -0.006713386553008788
9.659318637274549 0.007488704409146232 -0.012352337389634163 -0.010080442555886613 0.02269534305842925 0.06258552575043846 -0.02541251518231893 0 0.014252552395882455 -0.007223346783155553
9.67935871743487 0.0024749758915027986 -0.0054961741990792205 0.0005027093885303271 0.02205735755989956 0.06312857052590776 -0.033501710099199986 0 0.013812572499575345 -0.007710984585551872
9.69939879759519 -0.00624536130288637 -0.017484827172486655 0.0020414151383177045 0.022210248117180524 0.07665749325907423 -0.033403967809293576 0 0.01335798447041241 -0.00817591894220686
9.719438877755511 -0.004969880994143453 -0.013347224992644012 -0.0008889010008573306 0.030167408156257566 0.059867841468296906 -0.03809692938037468 0 0.012889846210712179 -0.008617814754306162
9.739478957915832 -0.011445118008923786 -0.017048343596763774 -0.002343117383803751 0.02687374885239598 0.05829281113498652 -0.03322138503708763 0 0.012409217527716029 -0.009036382497327458
9.759519038076151 -0.013353754531165793 -0.01185769001324012 -0.011224260606936572 0.03670128905487884 0.05986736568312605 -0.033304467383845036 0 0.011917158305152222 -0.009431377805996689
9.779559118236472 -0.013394784628885761 -0.012637578658968657 -0.008714228854100652 0.043625165872430274 0.0763084577183292 -0.04204544914816431 0 0.011414726710947752 -0.009802600991178526
9.799599198396793 -0.021266853730454387 -0.013065744684464451 -0.0020445345803284313 0.030787525930384297 0.06693992900957799 -0.03688206686492403 0 0.01090297744339976 -0.010149896490867234
9.819639278557114 -0.011737725267195402 -0.017854019489414518 -0.003991546960151445 0.02218031446405993 0.05917231329731929 -0.039482720821871896 0 0.01038296001800578 -0.010473152257513774
9.839679358717435 -0.012595075031829769 -0.018518182534224156 -0.0069353542121382205 0.02743742781489138 0.06337459096771415 -0.04330298562441671 0 0.009855717097041358 -0.010772299083986862
9.859719438877756 -0.005575005503630138 -0.013433969210818995 -0.009105585093495185 0.028845820727393272 0.06525077721988841 -0.04766128616597477 0 0.00932228286385899 -0.011047309870524625
9.879759519038076 0.000632225954310521 -0.014594792405313676 -0.003254227564296235 0.03323176463149366 0.05605578274544184 -0.04977828234781292 0 0.008783681443767863 -0.011298198835086122
9.899799599198396 -0.008693543084071489 -0.008112657507200305 -0.0028086303334534267 0.027343622533064802 0.05194610321334588 -0.05133910153773408 0 0.008240925373238341 -0.0115250206695599
9.919839679358716 -0.009747227137731355 -0.013264075313013761 -0.00999117898440206 0.012059641363813305 0.0677254443716752 -0.06172139239108716 0 0.007695014119058545 -0.011727869644329576
9.939879759519037 -0.012000128756762318 -0.010563210620629176 -0.00563102906971948 0.01784064820895685 0.06147785483926751 -0.05021690755198121 0 0.007146932648954669 -0.011906878663733713
9.959919839679358 -0.01678809049176418 -0.010889482494993299 -0.015038978076562409 0.021089848232868982 0.06488277777570679 -0.05348247194561774 0 0.006597650055068066 -0.012062218274990546
9.97995991983968 -0.010788436442787529 -0.014809623145742908 -0.012092108191960793 0.02417445710688169 0.06251088813599256 -0.05204112657794672 0 0.006048118231566907 -0.01219409563318507
10.0 -0.01821432227494191 -0.016267486951357314 -0.003730850630143963 0.03349448519557835 0.07300911110472226 -0.062070315218041024 0 0.0054992706075523085 -0.012302753424939096
