t z_t_Re z_t_Im z_t_z_0_Re z_t_z_0_Im z_t_z_0_c_Re z_t_z_0_c_Im zeros alpha_Re alpha_Im
0.0 0.0044973456267760085 -0.0021400582307670945 -0.009052980519354357 -0.00333975462831673 1.9941352049082162 0.0 0 2.0 0.0
0.02004008016032064 0.0048945210751764135 -0.0027587622024164617 -0.010176275658051995 -0.003635597651101557 1.96762013901856 -0.07862224830972217 0 1.9784697961924307 -0.07933987553930384
0.04008016032064128 0.003909878937805355 -0.002809225829258702 -0.010532335805354795 -0.0029866151377094022 1.9448756177455468 -0.15630876187244136 0 1.954023959297563 -0.15697154738817928
0.06012024048096192 0.004067281902216572 -0.003233825274505853 -0.01043492036767235 -0.0022138527144626792 1.9170758115078639 -0.23062122654282896 0 1.926761640736793 -0.23279774155029392
0.08016032064128256 0.004118476987044625 -0.00275975846436041 -0.009729973360876044 -0.0010131965760631883 1.8878031332276892 -0.3048936984265162 0 1.8967847834097424 -0.3067261645245151
0.1002004008016032 0.003895274382298291 -0.0031981849021617053 -0.01115899679083362 -0.0010852025668519063 1.85537324529063 -0.3761974687689351 0 1.8641978940677766 -0.3786695604271388
0.12024048096192384 0.004424871866333469 -0.0032333253259790805 -0.010572357221437675 -0.0012447340138199807 1.821940248786147 -0.4453435050789035 0 1.8291078158719105 -0.4485457584692642
0.1402805611222445 0.004422488061543417 -0.0037099246477593165 -0.009899941139318578 -0.0010851794613675571 1.7836801200546653 -0.5126786198553059 0 1.7916235015157231 -0.5162777109004548
0.16032064128256512 0.005196234244722014 -0.004128183455164662 -0.010035434016503107 0.0002247091617229694 1.745491074226915 -0.5769123344531055 0 1.7518557872854117 -0.5817935215437334
0.18036072144288576 0.005333582424375137 -0.003629402386691722 -0.010776855218626293 0.0002639788479721489 1.7044907685262112 -0.638922083717963 0 1.7099171684201224 -0.6450264650603701
0.2004008016032064 0.004157009528745118 -0.004385222079244787 -0.010942147003727358 0.0003433774899592654 1.6607424421729573 -0.6995743797967294 0 1.6659215761263257 -0.7059149970958429
0.22044088176352705 0.0038680280997121052 -0.003913946472211955 -0.010874810400171738 0.0020892896961619135 1.614475819364436 -0.758248957687917 0 1.619984156590156 -0.7644027554707481
0.24048096192384769 0.003932836782728026 -0.004048899506420682 -0.009892111682146138 0.0013805329553228044 1.5666091919168477 -0.8131449992105272 0 1.5722210523214712 -0.8204385525923252
0.2605210420841683 0.004151493842485218 -0.004598622884085559 -0.00997154539802655 0.0015232472773652331 1.5175725488018144 -0.8648608891221954 0 1.5227491861527944 -0.8739763592736046
0.280561122244489 0.0037875900982566103 -0.00476542125417671 -0.009619438430281268 0.00214726570108598 1.4671189714894404 -0.9151300954334287 0 1.4716860482054233 -0.924975280157995
0.3006012024048096 0.003585329195282436 -0.004031074257899297 -0.009708628164857954 0.003037492738157548 1.4147773225138018 -0.9633217317293284 0 1.41914948612378 -0.9733995209573866
0.32064128256513025 0.0033386442907362953 -0.004028135501855937 -0.00996167391906033 0.0026588032936539618 1.3625793495615168 -1.0083176954705035 0 1.365257498867565 -1.0192183477215488
0.3406813627254509 0.003564604687395936 -0.0034109965655895916 -0.0093769945107727 0.0019260758733000362 1.3084461213481697 -1.0529552647377498 0 1.310128034339548 -1.0624060383657463
0.3607214428857715 0.0030324846323962285 -0.0038317420479087494 -0.008708651823477558 0.0027471118068221243 1.2523034729290456 -1.093998422722193 0 1.2538787911148066 -1.1029418266920692
0.3807615230460922 0.0026456141542596043 -0.003596920610049241 -0.008860101915182826 0.002384229054023567 1.1965489646680874 -1.1312237299866625 0 1.1966270245250403 -1.1408098391479935
0.4008016032064128 0.003027576618272859 -0.003990862085694205 -0.008259054098564622 0.0023215980447588323 1.1386136915506329 -1.16613252225498 0 1.1384893573391985 -1.1759990245731171
0.42084168336673344 0.003490748933408312 -0.0039216935238105596 -0.007179375816902929 0.0014805500919973446 1.0799867417208517 -1.1988201951428736 0 1.0795815952690806 -1.2085030771918932
0.4408817635270541 0.003039257489025147 -0.0044464413997966894 -0.007308830218156856 0.0022136274894214766 1.0197562496569552 -1.2284671943242063 0 1.0200185475159231 -1.238320353116471
0.4609218436873747 0.0030692289582103832 -0.004629389273009667 -0.007384726199550315 0.001480558536238789 0.9596578427356759 -1.255657214986056 0 0.95991385256114 -1.265453780629489
0.48096192384769537 0.002882688191754149 -0.004208988923087008 -0.007089425622347033 0.001630566077369946 0.9000244775738407 -1.279873467401594 0 0.8993798093915224 -1.2899107645218102
0.501002004008016 0.0025651849717484307 -0.0039253185148596745 -0.005585558884217286 0.0018008133487040377 0.8397464403277194 -1.3011868331339882 0 0.8385272143362319 -1.3117030847647873
0.5210420841683366 0.001953321919283561 -0.003930564825343843 -0.005398634792423747 0.0013322472766547834 0.7786695220224247 -1.3216921621702187 0 0.777465203679926 -1.3308467898006635
0.5410821643286573 0.0022029552083093575 -0.0038718867029723155 -0.005800919201737182 0.0013476730742848983 0.7183173374436821 -1.3376912145833155 0 0.7163011022033315 -1.347362084738187
0.561122244488978 0.0017871132020135596 -0.004629066489728705 -0.0055153841597932645 0.0016046401962579206 0.6577834581281676 -1.3522315730791667 0 0.655140277789567 -1.361273214743424
0.5811623246492986 0.002712377704180871 -0.004548568828858141 -0.0060957619257157305 0.002201824460811233 0.5958626794520607 -1.3636766603882409 0 0.5940860022215227 -1.3726083439181234
0.6012024048096192 0.0020738845756328957 -0.005035657338736713 -0.005534137554777706 0.0027715034271896624 0.5358102030203229 -1.3722735233446899 0 0.5332393182826595 -1.3813994299598087
0.6212424849699398 0.0020704737075886437 -0.004099188912352724 -0.0057917138521336245 0.0024261377412764643 0.4749129965965366 -1.3787057872270774 0 0.4726989132607036 -1.3876820948990658
0.6412825651302605 0.0017475192061242452 -0.0043333751575896085 -0.006370177773140703 0.0021283834358782516 0.41572656558563437 -1.3820839921925911 0 0.4125609989409376 -1.391495492210254
0.6613226452905812 0.0015340326516130117 -0.003926795896275182 -0.006113727654971063 0.002343827385022366 0.35644215844232063 -1.3850264159716006 0 0.35291919816307926 -1.3928821705921262
0.6813627254509018 0.0009316228225096934 -0.00398416651489158 -0.004637680252768958 0.0019137004725743798 0.29835226757033845 -1.3842894553270078 0 0.29386443800320433 -1.391887934714582
0.7014028056112224 -0.0002429468857260857 -0.005088598380141544 -0.003537624324885779 0.0017399958149231212 0.24118162068646337 -1.3817128121927316 0 0.23548484962974486 -1.3885617032270319
0.721442885771543 -0.000875881436433832 -0.005489177107287918 -0.003986417112403019 0.000733065784810004 0.1845137098422357 -1.3752227909309036 0 0.17786567487034496 -1.382955364322608
0.7414829659318637 -0.001360882952111832 -0.005472802742179238 -0.0032332627967126787 -7.373933188411259e-05 0.1269053684700676 -1.3667861268516521 0 0.12108917951429606 -1.3751236291507531
0.7615230460921844 -0.001791804014004159 -0.0056615210831529456 -0.0029160874589106347 -0.0006987042367006219 0.07122279519209096 -1.3577044172476538 0 0.06523457336339065 -1.3651238833685535
0.781563126252505 -0.0008513559433146148 -0.005678274679791621 -0.0038877979561701436 -0.0011655382573066014 0.01719978478473072 -1.345260205524475 0 0.010377937032387695 -1.3530160371185562
0.8016032064128256 -0.0011503036146351046 -0.00578745450964035 -0.0029570426595252873 -0.0011939474806883506 -0.036962515107527 -1.3314386864335888 0 -0.043407844511150956 -1.3388623737177723
0.8216432865731462 -0.0015557803451319338 -0.006162437367323912 -0.004114082990913062 -0.0017655709745345374 -0.09011427774610284 -1.3169555185927941 0 -0.09605314168907732 -1.3227273973390854
0.8416833667334669 -0.0019856271226789367 -0.005879726601839584 -0.004319380364324952 -0.0022369301268837104 -0.14138540354746681 -1.2991277860506245 0 -0.14749163336927093 -1.304677679962417
0.8617234468937875 -0.0022868292870506057 -0.005531728508206895 -0.004353033930139878 -0.0017115454471375705 -0.1914489439462782 -1.2804360982486813 0 -0.19766035327965806 -1.284781707868725
0.8817635270541082 -0.0026032566095029025 -0.005667076567360963 -0.004161715091042358 -0.001040529944896366 -0.24078291713898742 -1.258651610479195 0 -0.24649972983300394 -1.263109727945268
0.9018036072144289 -0.002839480992002581 -0.005711492851597014 -0.005370692179755048 -0.0006103635683023664 -0.28831236920921766 -1.2356282249538575 0 -0.29395361942592707 -1.239733594065564
0.9218436873747494 -0.003964954457218045 -0.00552142106328756 -0.005039544537710161 -0.0012200064621661591 -0.3337836952212485 -1.2104024910930853 0 -0.33996933328534823 -1.2147266138021129
0.9418837675350701 -0.0038635329940659817 -0.0048401814176042505 -0.005586650881086472 -0.00104159027066417 -0.37767089306152307 -1.1836799090781716 0 -0.3844976579450396 -1.1881633957242739
0.9619238476953907 -0.004847560315808924 -0.004900749886823986 -0.006594377700472175 -0.0006167074328220755 -0.42173747065128536 -1.1565548453760026 0 -0.427492869444055 -1.1601196975276986
0.9819639278557114 -0.004334128218514753 -0.005015293169540977 -0.004959571042846867 -0.0007797329527455364 -0.46298702977027406 -1.1273873512865187 0 -0.4689127413476197 -1.1306722752354095
1.002004008016032 -0.004769237801115982 -0.004203836562445209 -0.0050427305309709725 -0.0011500474573239987 -0.5026207565605256 -1.0957919287791094 0 -0.5087185466994888 -1.0998987337040593
1.0220440881763526 -0.004285113192575728 -0.003683882220134804 -0.004944131382882717 -4.5071657356569564e-05 -0.5404523143766743 -1.0634284227884216 0 -0.5468750540228825 -1.067877378662055
1.0420841683366733 -0.0034866820906184516 -0.0029892368980679795 -0.004625551870023612 0.0007865633759273134 -0.5762076011269357 -1.0306030719886816 0 -0.5833505174948312 -1.0346870704991487
1.062124248496994 -0.003580186211772119 -0.003137428416118251 -0.005349901515067626 0.0010049301919177794 -0.6112139538228464 -0.997339402517095 0 -0.6181166614261385 -1.0004070800197826
1.0821643286573146 -0.0039888881269184205 -0.003216167205897131 -0.006365121881589903 0.0010828001614861605 -0.6442985341993704 -0.9627056094093892 0 -0.6511486591861632 -0.9651169463649422
1.1022044088176353 -0.003956609085022565 -0.002961562212943426 -0.005947318545506965 0.0007506652093448553 -0.6763420123348454 -0.9266948181227821 0 -0.682425106718245 -0.9288963372995466
1.122244488977956 -0.004077337540767883 -0.003251541726325107 -0.0052248557657185325 0.0010303177558397777 -0.7059920614742236 -0.8898385466626547 0 -0.7119279907978526 -0.8918249120545036
1.1422845691382766 -0.004316005820237799 -0.0031302867862373763 -0.00483253011038429 0.001739285068071613 -0.7333839390253092 -0.8525247612456713 0 -0.7396426521913845 -0.8539821869044789
1.1623246492985972 -0.003947676305027395 -0.003242264874854143 -0.005427815715509411 0.0029109944996370775 -0.7602268318703532 -0.8140970086967027 0 -0.7655577438790508 -0.815447403654223
1.1823647294589177 -0.004461992966429332 -0.0028515333650048053 -0.004857673811027662 0.002870773320847664 -0.7833594331511734 -0.7754449068894779 0 -0.7896651845103482 -0.7762994011979517
1.2024048096192383 -0.004784434542469461 -0.0027484873782034546 -0.004124415986678621 0.0025629968085836416 -0.8043621677950085 -0.7357314675738974 0 -0.8119601072653643 -0.7366164903078225
1.222444889779559 -0.004874953375424089 -0.0029667031928835323 -0.004359559096085853 0.0031016194990029344 -0.8257978650667781 -0.6957558908991215 0 -0.8324408042994554 -0.6964763317989937
1.2424849699398797 -0.004176691574140862 -0.0017714115515258069 -0.004431560791327463 0.003535762844228864 -0.8440736001906562 -0.6554683437815095 0 -0.8511086669528048 -0.6559558182101249
1.2625250501002003 -0.004545360489821461 -0.0018569356491233448 -0.005345399452944842 0.003189475902697457 -0.8604203500830521 -0.615381812379076 0 -0.8679681219099002 -0.6151309591294833
1.282565130260521 -0.004312896021635522 -0.0016893351667026538 -0.005060132962656364 0.0036632476216555015 -0.8767597978185744 -0.574369685495454 0 -0.8830265634971567 -0.5740767702880742
1.3026052104208417 -0.0046407537273381 -0.0013163264788324653 -0.0051747328328584355 0.002227589074440441 -0.8892610763172059 -0.5342639680088753 0 -0.8962942823096917 -0.5328671665324457
1.3226452905811623 -0.005295716479219527 -0.0017691319106464428 -0.004662129055925999 0.0029618992910202414 -0.9019402311865317 -0.4929437996340343 0 -0.907784390360681 -0.4915748587810226
1.342685370741483 -0.005378362918827356 -0.001878637741594628 -0.004512845542961844 0.002907604919703791 -0.9112575257799668 -0.4520189352977673 0 -0.9175127429487518 -0.45027125505903665
1.3627254509018036 -0.0054740104998550415 -0.002133754063914629 -0.0046515619385524 0.002677334046607586 -0.9197251030600201 -0.411373810647262 0 -0.9254978574405427 -0.40902636569834144
1.3827655310621243 -0.00563387707678886 -0.001246877467528368 -0.005533963289042067 0.0029058927160873216 -0.9268019180527981 -0.36991075336234897 0 -0.9317608291668611 -0.36790871277965154
1.4028056112224447 -0.005236668735059618 -0.0008817676286647867 -0.006910220372558236 0.0029739887991297315 -0.9319014510481108 -0.3303551493408584 0 -0.9363252446318062 -0.32698524388604006
1.4228456913827654 -0.005294535727985314 -0.0004900924237780783 -0.005848909301088925 0.0029894379304392176 -0.9345315710459197 -0.29046643276947 0 -0.9392170922348124 -0.2863212502278751
1.442885771543086 -0.005414507605102883 0.0005942485355825566 -0.006569513014507639 0.0018988993425322273 -0.9356911694077855 -0.24992414906961985 0 -0.9404646707057971 -0.2459802891908045
1.4629258517034067 -0.005350697043767011 0.0004746535544175773 -0.005583972619326461 0.00284243940905148 -0.9361715507115339 -0.20900513415365632 0 -0.9400984954535 -0.20602411134988782
1.4829659318637274 -0.004847391377543379 0.0014183518951462097 -0.005855833030183533 0.0031175866213916156 -0.9331090270553457 -0.17019494422882706 0 -0.9381512030266465 -0.16651259198458584
1.503006012024048 -0.005118885002824812 0.0008255098957562608 -0.005789391135905344 0.0026140555355225943 -0.9301674862117838 -0.1317127708893581 0 -0.9346574538867983 -0.12750366712101727
1.5230460921843687 -0.005680072751497011 0.0004777130008383209 -0.006009323349852021 0.0037003682729124794 -0.9261406911733171 -0.09294435974699748 0 -0.9296538336906682 -0.08905327411972264
1.5430861723446894 -0.005717617099358172 0.0006971247994340535 -0.00505953878806575 0.0040745419614895 -0.9189889141989623 -0.05497270116184963 0 -0.9231787532782572 -0.05121529681913097
1.56312625250501 -0.005471069886393985 0.00010924379638389939 -0.005292100601833227 0.005449273843579527 -0.9106276893478793 -0.016485235550415134 0 -0.915272347561477 -0.014041515237027107
1.5831663326653307 -0.005342667113947611 0.00038073521550383775 -0.005003217405917595 0.006899295934016235 -0.901878131071662 0.019638938855068927 0 -0.905976373505906 0.02241844017543009
1.6032064128256511 -0.005684250913088149 0.0008541317216112427 -0.005141250925268667 0.007014654371025047 -0.8917814447031592 0.054616055159611016 0 -0.8953341073960418 0.05811712974017154
1.6232464929859718 -0.006041118483054563 0.0010783705076199907 -0.004120123232372199 0.007957166148359226 -0.8807844440601025 0.08907557777509438 0 -0.883390241571846 0.09300934123961098
1.6432865731462925 -0.006038262255302222 0.002362178430170882 -0.0035880261849073817 0.006928896940449567 -0.8677113701903664 0.12246855161231113 0 -0.8701907808215442 0.1270521221126356
1.6633266533066131 -0.0060547735452912465 0.0014854414172631425 -0.0032222610057994474 0.00589523542429141 -0.8537954381638115 0.155344362889144 0 -0.8557829386125559 0.16020480719391653
1.6833667334669338 -0.0060564499959093595 0.0020716814547287396 -0.0027205334616429073 0.005025101415423277 -0.8378613052415601 0.1878955495200916 0 -0.8402150333390898 0.19242904203808783
1.7034068136272544 -0.006861160050581178 0.002219340853844089 -0.0022015490765502966 0.004475573228271374 -0.8209036234499777 0.22023798516992388 0 -0.8235363847613778 0.22368880187698784
1.723446893787575 -0.006604241181263513 0.0022637998656124315 -0.003215599881751382 0.004465507488403889 -0.8030396279945711 0.2502453505452859 0 -0.805797210807719 0.2539504062645746
1.7434869739478958 -0.00639698637116672 0.0030936882870073222 -0.0030571162409874786 0.004820425763013817 -0.7851659174206641 0.2804100871229259 0 -0.7870485249064951 0.2831825294703303
1.7635270541082164 -0.00514974690618101 0.004447982401255464 -0.0025159925732367774 0.004965281447319668 -0.7642911072634333 0.30711129607704923 0 -0.7673420340111126 0.31135620668794767
1.783567134268537 -0.004753698425015761 0.005061639828456323 -0.003182551028490294 0.004455423431430184 -0.7441270954886814 0.33600999466492537 0 -0.7467300374764198 0.33844483613183507
1.8036072144288577 -0.004372791775955499 0.00491470220525183 -0.0029162191038563648 0.004156570178976265 -0.7225228556896642 0.36088489222904246 0 -0.7252653269405591 0.3644241770994856
1.8236472945891782 -0.0037545189786968654 0.004073536985281994 -0.0022571962045221106 0.003719185571513172 -0.6991818178688082 0.3853561028804248 0 -0.7030010873614694 0.38927234408302475
1.8436873747494988 -0.004396094424331201 0.00446700789915504 -0.002514310696405121 0.004247332066800463 -0.6762627073386572 0.40840682273471257 0 -0.6799907993523314 0.4129697970182729
1.8637274549098195 -0.003308467735049066 0.005063215765167279 -0.0017910785663874682 0.004413604056645905 -0.6514544132441396 0.43188893573905235 0 -0.656288142955207 0.4354993277644289
1.8837675350701402 -0.0025950451661383763 0.005770600378000853 -0.001222887511567963 0.004818846226261507 -0.6280393183576453 0.4526238781045635 0 -0.6319469029869085 0.45684604291200864
1.9038076152304608 -0.002929067272070124 0.0053507216836792175 -0.001331089390107155 0.0055541275008241 -0.6028674654796135 0.47245322680484975 0 -0.6070208760858421 0.476997343020935
1.9238476953907815 -0.0037151690294856847 0.005472286787078332 -0.0013552810086851258 0.004992445788732868 -0.5784053450120362 0.4912417765008104 0 -0.5815637795831236 0.49594289839468503
1.9438877755511021 -0.0033194490583868547 0.006060828019079872 -0.0011789675853549875 0.00459986302160306 -0.552416979289965 0.5076535280437189 0 -0.555629162315743 0.513674621500154
1.9639278557114228 -0.0035558505779108894 0.006408976829282434 -0.00045500197401071016 0.0051985666784584595 -0.527186510597203 0.5230559116177864 0 -0.5292703174939389 0.5301866361463862
1.9839679358717435 -0.0034847480764067153 0.006139422067710125 0.00016788734226601845 0.0048965327694107455 -0.5013672561831496 0.5381477968816116 0 -0.50254019772924 0.545475243538554
2.004008016032064 -0.002208445549293678 0.006821260669500674 0.00010716824768316608 0.004099583222765074 -0.4749653434264241 0.5513821305848844 0 -0.4754913323238767 0.5595388853265372
2.024048096192385 -0.001598731910078673 0.006573850256822422 -0.0009778668580791626 0.0028953119008932227 -0.44723502403413395 0.5628120356815237 0 -0.44817574691643935 0.5723781037701641
2.0440881763527052 -0.001006197871891319 0.006216238427096015 -0.0016433856361844316 0.0027469015548419466 -0.4205339991325949 0.5747544847223991 0 -0.42064488557280555 0.5839954991456255
2.064128256513026 -0.00030668025837615005 0.006874810407667512 -0.00014189158249983656 0.003345756887832953 -0.39237871434905097 0.585096224657465 0 -0.39294953540544436 0.594395684519767
2.0841683366733466 0.00018446490667886663 0.0076835190138863484 0.00047427745626091853 0.0035635589229697034 -0.36514540930051514 0.5939743368458685 0 -0.3651397537983114 0.6035852380208894
2.1042084168336674 0.0006134944743757001 0.006982648696304043 0.0005696096425386504 0.003424245286491096 -0.3381144011768108 0.6016333287349692 0 -0.33726479830858014 0.6115726527363794
2.124248496993988 0.001157069926080235 0.006342028157532623 0.0002146719746917064 0.002730605662701068 -0.3112941408028653 0.6107763054747058 0 -0.30937305931055603 0.6183682843688999
2.1442885771543083 0.0022890056950866564 0.006713140876149807 -0.0006547668216378867 0.003042760583849273 -0.2829894283488979 0.6167486259715952 0 -0.2815119954411519 0.6239842967840569
2.164328657314629 0.002667448500810691 0.00634628418598209 -0.0002730292014260299 0.0031174153644937352 -0.25594318518255904 0.6209696291873523 0 -0.2537280719004263 0.628434605583376
2.1843687374749496 0.0035666404313240254 0.0062353818745915154 0.001137943904914709 0.003304476586727272 -0.22844420681962488 0.624383897264667 0 -0.22606670165477935 0.6317348198371099
2.2044088176352705 0.0044227762541882995 0.006731557228276541 0.0014730086172458597 0.0024271140571746307 -0.20217712633355064 0.6263080344294774 0 -0.19857218958455244 0.63390218211183
2.224448897795591 0.0037902928879450844 0.006643096379714595 0.001749441093902762 0.0014144638601977472 -0.1755292766563158 0.6279019702914104 0 -0.17128767961199448 0.6349555069279673
2.244488977955912 0.0034548764260552856 0.00617118013239742 0.002107958376626274 0.0009878299607555734 -0.14787219159519344 0.6275679723521009 0 -0.144255104839778 0.6349151177824345
2.2645290581162323 0.0031055138485080167 0.006528052707958771 0.0017180043744811282 0.0010022399420615245 -0.12144122147287534 0.6274034135017477 0 -0.11751514072459648 0.6338027828712016
2.284569138276553 0.0038642895948426846 0.005977737740323781 0.0023201181798923054 0.0005916163044349242 -0.09592176459072381 0.6245204694311448 0 -0.09110716130472551 0.6316416496462275
2.3046092184368736 0.004313755956195119 0.00557822485044601 0.002716894456352369 0.00022542041837673776 -0.07079158645457383 0.621304893692864 0 -0.06506919849492973 0.6284561783404393
2.3246492985971945 0.003518517763680136 0.005889417618489602 0.002196153434179832 -0.00010728869085227394 -0.045304255737575724 0.6175269681563329 0 -0.039437904456615415 0.6242720745935564
2.344689378757515 0.003132346962983122 0.005580238260178114 0.003417834782846594 0.0004723570459844279 -0.020080609828309132 0.611283601753734 0 -0.014248517045810595 0.6191162213104291
2.3647294589178354 0.0031616234417161885 0.0052885360524811895 0.00414166492962077 -0.0007192121354715025 0.004836664692774558 0.6053599198530298 0 0.010465171663731893 0.6130166098822536
2.3847695390781563 0.0027356546781557717 0.005250068988041242 0.00413653914920109 -0.0015734680138261878 0.02796235904635964 0.5990315603769679 0 0.034670843790123494 0.6060022708995094
2.4048096192384767 0.002582506795715328 0.005204067783034374 0.00463282110822525 -0.0017384909769936822 0.05103140350904162 0.591834714899767 0 0.05833768099848366 0.5981032044837757
2.4248496993987976 0.003299986908951784 0.004863280988992489 0.004555277760203773 -0.002531342116970023 0.07297343444295563 0.5843878650310677 0 0.08143638681940556 0.589350310363692
2.444889779559118 0.0028905379045321617 0.0056078882529331285 0.0054456279716979675 -0.0027896769928671223 0.09457523574032323 0.5745454956420087 0 0.10393920595327112 0.5797753178182887
2.464929859719439 0.003356916380620909 0.005388098723374522 0.004786297634470902 -0.0027934398857284706 0.1155301047367059 0.5648590247859113 0 0.1258199405876176 0.5694107156086822
2.4849699398797593 0.0036680291679200535 0.004672882335549336 0.005251276248353849 -0.00421454332045249 0.13724020905088372 0.5549619488938566 0 0.147053963759233 0.5582896820167559
2.50501002004008 0.004507253835722091 0.004832199308612475 0.004089124210158671 -0.005010986235878771 0.15768728594954057 0.5442319128097599 0 0.1676182297970531 0.5464460151069044
2.5250501002004007 0.0039982910002019185 0.004504554519052205 0.004002071472239121 -0.005556362596502204 0.17835098147005068 0.5314802991010574 0 0.1874912818861208 0.5339140633242534
2.5450901803607215 0.0032704894406079465 0.00479305075422668 0.0023572753119271155 -0.005105304483954601 0.1975899450444959 0.5194692411505275 0 0.2066532567969608 0.5207286565399291
2.565130260521042 0.0035168915854341914 0.004190232607825845 0.002773101260778101 -0.004901185277082315 0.21680237200473615 0.5062575010774576 0 0.22508588682860578 0.5069250376510247
2.5851703406813624 0.0027901605626477017 0.004007522789465609 0.002719585314018672 -0.004799088833761586 0.23462036451849533 0.49249768780647546 0 0.24277249901728656 0.492538794839814
2.6052104208416833 0.0027705393198612827 0.0043992591642309856 0.0035831381907062577 -0.005293505892129697 0.2519422476343426 0.47671527899113714 0 0.25969801166636397 0.4776057945935973
2.6252505010020037 0.0021817823847379396 0.004551335808423119 0.00372068362124188 -0.0049954063011600665 0.2677090358239623 0.46332897734450457 0 0.27584892825651836 0.4621621155832524
2.6452905811623246 0.003109674351583419 0.004396801512370805 0.003381182171021664 -0.004312261842097004 0.2847631074951297 0.44737709067542086 0 0.2912133287984656 0.4462439834951685
2.665330661322645 0.0027956373814141296 0.0038384041423723332 0.0023975288814110014 -0.00508828002171636 0.29953002691856584 0.42969425619913765 0 0.30578085869354454 0.42988770690776407
2.685370741482966 0.003391571673930236 0.004107580707213055 0.0030610392710251452 -0.005838099670697841 0.3129091327573732 0.4124927955615181 0 0.3195427151704513 0.4131296143001938
2.7054108216432864 0.0031489250326310197 0.0038891068851380607 0.0029658805923914473 -0.005614364503066904 0.3256847657385624 0.3960553975123755 0 0.33249163136911813 0.39600599227722366
2.7254509018036073 0.003913939385542859 0.0038482869337168324 0.0026055303193842074 -0.006637960982628487 0.3375908959097702 0.37946624165373416 0 0.34462185814532087 0.3785530250905068
2.7454909819639277 0.0033238741853880574 0.0031809315916663124 0.0018102726161419802 -0.006404904784194423 0.3486398305413381 0.36208053633641996 0 0.3559291436719686 0.36080673553273507
2.7655310621242486 0.0031308266712258264 0.0027197940834538213 0.0021189505321014494 -0.006631298757566948 0.36004583453587297 0.3447463924535023 0 0.3664107109152681 0.3428029272772806
2.785571142284569 0.0025999170149537346 0.0031281445167554854 0.0009539482240068359 -0.0062789940264331955 0.3688302518878222 0.3268932420263683 0 0.37606523306597117 0.3245771287320825
2.8056112224448895 0.0022541369159343513 0.0033634226311554344 0.0021175076019714755 -0.005626526490907584 0.3785514092718823 0.30816906740818684 0 0.3848928070077994 0.3061645384725873
2.8256513026052104 0.001595127619118559 0.0036631275395070666 0.000983786637418236 -0.0047871147757045755 0.38668121676787964 0.29021456438594073 0 0.39289492490680855 0.2875999723146184
2.845691382765531 0.000790843425442938 0.0029719953729867568 0.001669864863352993 -0.0049568225212172 0.39391658468737756 0.2722309486417523 0 0.40007444400698133 0.2689178120840609
2.8657314629258517 0.0006558966883485832 0.0026706964136572874 0.0018815717643760113 -0.0057973037754053885 0.4004485698974278 0.25387719198096004 0 0.40643555471867193 0.2501519561362479
2.885771543086172 0.001112632735383103 0.00236957353120332 0.0020116049839925603 -0.005645760570558097 0.4058644297085197 0.23523237875080136 0 0.41198374708768576 0.23133577167394667
2.905811623246493 0.0013103789653409624 0.002041683714247086 0.002404115332979366 -0.005947737351673449 0.4108048509085286 0.21637831720146417 0 0.4167257757337837 0.21250204890880925
2.9258517034068134 0.0019358934974232963 0.002728757861457575 0.002572368972284842 -0.004694190113767904 0.415648015034768 0.1974467891425043 0 0.42066962334821173 0.1936829571071739
2.9458917835671343 0.0008255349405080804 0.0024475549006073537 0.0020775191851599355 -0.004841643494147532 0.4178565292059404 0.17973591753656984 0 0.42382446284052533 0.17491000255708214
2.9659318637274548 0.0010476899818554746 0.00148921448515138 0.002805166270919766 -0.0043747625673598335 0.4203156404566997 0.16159877277080556 0 0.42620061822545935 0.1562139884894243
2.9859719438877756 0.0009917689338981607 0.0010369934083441117 0.002610627466543627 -0.0046521454926268776 0.4235868213860074 0.1434904728169429 0 0.42780952434093084 0.13762497698214765
3.006012024048096 0.0022962118598610186 0.0004408319826153434 0.0018492295724889386 -0.004554662464986017 0.4235621413354255 0.12632596028763868 0 0.42866368548842265 0.11917225287255986
3.0260521042084165 0.0016082826757315583 -9.864734107787287e-05 0.0028809210085944913 -0.0037736778796066592 0.4236398282662023 0.10922063782789668 0 0.4287766330870116 0.100884289698848
3.0460921843687374 0.001816484812834665 0.00020977273651499347 0.00325941807927781 -0.00411407235975043 0.4235215493970362 0.09122053393758064 0 0.428162882432157 0.08278871768810611
3.066132264529058 0.00177137800851463 0.0003005486645140091 0.002240819424908849 -0.004882345844509131 0.4213096587415913 0.07423880312647606 0 0.42683788865007316 0.0649122938043517
3.0861723446893787 0.001190621653161584 0.000604452392929751 0.0023717030505837414 -0.004657395632327279 0.42020199167540556 0.056326535845876886 0 0.4248180019380628 0.047280873866261224
3.106212424849699 0.0017437381070256087 0.0005287968874454546 0.0009590745540010518 -0.005123846641041438 0.41756394053546236 0.038905418064741994 0 0.4221204221806067 0.029919386740680287
3.12625250501002 0.0012025807700329618 0.0002425128915254151 0.0017671513247835649 -0.004859918475217491 0.4144266500333347 0.02166951402327255 0 0.41876315303027273 0.01285181061431405
3.1462925851703405 0.0017146017813154577 0.0007259561811849318 0.0014441007325807379 -0.004242145971004601 0.4106621698944183 0.004851053432621853 0 0.41476495554164894 -0.00389884865753116
3.1663326653306614 0.001447999416797818 -1.0889845831278744e-06 0.0010477630539231229 -0.005330928288774197 0.40670396273351156 -0.01176324959252862 0 0.4101453014455067 -0.020310577129795258
3.186372745490982 0.0014808534687019103 -0.0009602470726976115 0.001076548896232213 -0.005514001138752778 0.4025776325125706 -0.029029430888793725 0 0.40492432614928275 -0.036362370282126556
3.2064128256513023 0.0009272076531318238 -0.0005250251942871905 0.0011625225892926794 -0.007233458278038494 0.3973169275939182 -0.04453184176268424 0 0.39912278154871544 -0.05203424848033644
3.226452905811623 0.00012709554630901973 -0.0014667990505159779 0.00109801661728201 -0.007064780634703587 0.3917212330236231 -0.06028438136647078 0 0.3927619887341159 -0.06730727039944687
3.2464929859719436 -0.0007793622512537023 -0.0011963975378787963 -0.001248726247655065 -0.006195172475380329 0.3846149292781446 -0.07577590488802162 0 0.3858637906732689 -0.08216354442609818
3.2665330661322645 -0.0007389180358467909 -0.0013179471401714383 -0.00248597305504299 -0.006929151238464522 0.3773082748447174 -0.09056054631311419 0 0.3784505049513731 -0.09658623806114586
3.286573146292585 -0.0006809527426704493 -0.0016358944770150075 -0.0033585965181376232 -0.00743471177788574 0.36965210915953567 -0.1052801774401186 0 0.3705448766467424 -0.11055958534622858
3.306613226452906 -0.000966305416664194 -0.0014542556693105508 -0.0035139564043930416 -0.007335592219210857 0.36186786358864714 -0.11857454068317426 0 0.3621700314191914 -0.12406889234097604
3.3266533066132262 -0.0008587729743290205 -0.0013323512047522122 -0.0033360268303882484 -0.007029585743962761 0.3539137832190109 -0.13119411181782767 0 0.35334942888615084 -0.1371005406802678
3.346693386773547 -0.00129478382822628 -0.0017012890321847426 -0.0026444199511617365 -0.006689951070539032 0.3441973457288627 -0.1440381952241052 0 0.34410681635957535 -0.14964198924363656
3.3667334669338675 -0.0008673681299388893 -0.0010324630079450502 -0.0033115845544071662 -0.006396994022523049 0.3351914489057846 -0.15632462115981305 0 0.3344661830146557 -0.16168177397144104
3.3867735470941884 -0.0015447280937737084 -0.000925768055852531 -0.002318969919547423 -0.004039819610823261 0.32578244800704714 -0.1675642339245378 0 0.32445171455919897 -0.17320950586489833
3.406813627254509 -0.0018224205918509363 -0.0017979156868866066 -0.0019580866775221685 -0.004712682974142779 0.31598557558374735 -0.17958126050100193 0 0.31408774847033893 -0.1842158672093787
3.4268537074148293 -0.002006840723353881 -0.0012186726706757266 -0.0035383155745478782 -0.004820300769022422 0.30668469157347206 -0.1900251575712909 0 0.3033987298629471 -0.194692606062604
3.44689378757515 -0.0022313554354373073 -0.0008687003132341181 -0.0019385565942603724 -0.005180279634209118 0.2967088747475405 -0.19975775030517087 0 0.2924091680517785 -0.20463252905148133
3.4669338677354706 -0.0014516331363003598 -0.00046206952065150505 -0.0013171656386534202 -0.004937358047631606 0.2841394535165977 -0.21073211495704233 0 0.2811435938669817 -0.2140294925233026
3.4869739478957915 -0.0013516678121933533 -0.0002274695977899492 -0.0022550210704748355 -0.005590128084502322 0.2733863031324781 -0.21826170529880068 0 0.26962651778013763 -0.22287839209891347
3.507014028056112 -0.0011763114761730784 -0.0003496397706393469 -0.0022366882028493863 -0.005481908984504327 0.2616343315357793 -0.22900494642291577 0 0.25788238889550796 -0.23117515067720296
3.527054108216433 -0.0015103796741421606 -0.001357384200010099 -0.0018603070769571464 -0.005915161959484398 0.24952292906996923 -0.23566462562222348 0 0.2459355548586017 -0.2389167049419141
3.5470941883767533 -0.0014669590569989508 -0.0014008969823753453 -0.003542635955738286 -0.004360510456083882 0.23733956748148688 -0.24485451663391553 0 0.2338102227316091 -0.24610099042328343
3.567134268537074 -0.0014834921397958722 -0.0011623455105057641 -0.003177345608024393 -0.004990142215669956 0.2244314218093916 -0.2512534672853011 0 0.22153042088261526 -0.25272692516842593
3.5871743486973946 -0.001742036353204846 -0.0007670070059729631 -0.003809729331707339 -0.004302872090601809 0.21210509529913038 -0.2576731801586253 0 0.2091199619328788 -0.25879439207565574
3.6072144288577155 -0.0010439509323571883 -0.0001160372177491737 -0.003398092827867019 -0.00350393395230288 0.19963237245634186 -0.2620988445264569 0 0.19660240680377944 -0.26430421994910264
3.627254509018036 -0.001178617621061713 -0.0007342341304366259 -0.00398778816943259 -0.003388471796611635 0.18686445758162915 -0.26724579417069144 0 0.18400102990237027 -0.26925816333101993
3.6472945891783564 -0.00011026640577629217 0.00016803141407280105 -0.0035488955354759277 -0.00383708340495285 0.17376400722100865 -0.2699175101578333 0 0.1713387854817577 -0.27365888117011444
3.6673346693386772 -0.0003826900142725626 -0.0003983169139551454 -0.004067685799761173 -0.0034609915677110818 0.1615467100768932 -0.2740307591718476 0 0.15863827520984475 -0.2775099143850316
3.6873747494989977 -0.0014956000183712116 -8.533191674526598e-05 -0.005083454636852688 -0.0037254542291167278 0.14857146728925458 -0.276939143539526 0 0.1459217169772546 -0.2808156623828255
3.7074148296593186 -0.0018755824601191836 -0.0005108201786735152 -0.004574443266618471 -0.003671786586672976 0.1361431842131385 -0.28002401563905127 0 0.1332109149725488 -0.28358135859282413
3.727454909819639 -0.0013845878430434292 -0.0007042564749074518 -0.004418568184637864 -0.002671886040179788 0.12312396207476203 -0.2823518197995155 0 0.12052723105016239 -0.2858130450767581
3.74749498997996 -0.002219586276782495 0.00039477114836126016 -0.00491514565152459 -0.002810118048980668 0.11027681189201603 -0.28320483968241167 0 0.10789155741377651 -0.2875175462763842
3.7675350701402803 -0.0024902639055696054 -0.0009286798630174305 -0.004575569023599479 -0.003389565805177166 0.09809491454877695 -0.28571325672039266 0 0.09532429063519213 -0.2887024419600681
3.787575150300601 -0.0024455797588717417 -0.0014027938835307389 -0.00463179043833594 -0.0036220136172406426 0.08478452426809223 -0.2862847595343874 0 0.0828453070260957 -0.2893760394299308
3.8076152304609217 -0.003279268158622665 -0.0009532277922928129 -0.00514159765033222 -0.0026934511813359453 0.07251284145780534 -0.2860806668141442 0 0.07047393937749588 -0.2895473450511869
3.8276553106212425 -0.003299983084596206 0.0001443928887842613 -0.004802043462270992 -0.0025900988641087102 0.05919817891096604 -0.2853846433960096 0 0.05822895507898732 -0.289226035165228
3.847695390781563 -0.003693332294656681 0.0006036586554036279 -0.004782559157375752 -0.002004723033868003 0.04551451461369658 -0.28476347875508967 0 0.0461285356274435 -0.28842242644782207
3.8677354709418834 -0.003559978176508671 0.0012677170516106268 -0.005599912890009303 -0.0018257599727823323 0.03400749756844254 -0.28417658336485696 0 0.034190257532184715 -0.2871474457735203
3.8877755511022043 -0.003759232829449452 0.0018931480972221566 -0.0059052479391332 -0.002252090267256672 0.022558853094972534 -0.2807325135040729 0 0.022431074621183916 -0.28541259964698695
3.9078156312625247 -0.003807605381877888 0.002039838983486783 -0.00464503161897099 -0.002288739469518689 0.01171261529253427 -0.27966609047082636 0 0.010867301750405038 -0.28322994326149187
3.9278557114228456 -0.0031354671621832177 0.00161621771781369 -0.003632185401388307 -0.003049908439111117 -0.00011240676685308581 -0.27726009737768276 0 -0.0004854000840428117 -0.2806120492442413
3.947895791583166 -0.002583162478856362 0.0025602855479431898 -0.004062601759396085 -0.0027269528302509617 -0.010557403929342993 -0.2749356277271672 0 -0.011612037233607425 -0.27757197614756984
3.967935871743487 -0.002819417743441416 0.0033914839627136855 -0.004740124212001559 -0.0017979640226685792 -0.02150964189198353 -0.2711758594557813 0 -0.022498295489850637 -0.2741232367442703
3.9879759519038074 -0.0030726050665525607 0.0037166387486269555 -0.0030784242148220228 -0.0009016183275508363 -0.032104812229063376 -0.2670245687818728 0 -0.03313055078910159 -0.2702797661845174
4.008016032064128 -0.002143044630779976 0.003963404135411868 -0.0037260384182607074 -0.0013607842612197898 -0.04319454715967245 -0.2628397763267283 0 -0.04349587853866418 -0.266055890070932
4.028056112224449 -0.0019954150397007223 0.003927061138641958 -0.0024879559294509134 -0.0013356891370601195 -0.05341048478633318 -0.25859220734383787 0 -0.05358206157616416 -0.2614662925073511
4.04809619238477 -0.0019877850629155223 0.004003067617690863 -0.0030388782124807115 -0.0015179767496826739 -0.06254612199044757 -0.2540541242665977 0 -0.06337759677571021 -0.2565259841758085
4.06813627254509 -0.00035099468178444556 0.003471744508603744 -0.0015497694597757816 -0.002155731665618611 -0.07190011711544037 -0.2490939850508775 0 -0.07287170031655547 -0.25125027049510495
4.0881763527054105 -7.287128750797435e-05 0.0033309637039463744 -0.00022660444022269935 -0.000952719120470068 -0.08116097429478258 -0.24327161756413584 0 -0.08205431163189483 -0.24565471991314516
4.108216432865731 0.000195100779570425 0.0040049834321375455 -0.0014115943554152447 -0.001842533198040708 -0.09023823067882832 -0.23594863155286563 0 -0.09091609605730841 -0.23975513238396545
4.128256513026052 0.0006057039128062619 0.003567326506808923 -0.00046770700532501705 -0.002474231491485028 -0.098803697534183 -0.2289829845126667 0 -0.09944844620018388 -0.2335675080790435
4.148296593186372 0.0010082595547671457 0.0037908410493195195 -0.00029547805643536 -0.002618672170931347 -0.10703555459610611 -0.2222607925504331 0 -0.10764348205317392 -0.22710801638110986
4.168336673346693 0.001274646166310887 0.0038796137583164783 -0.0006960577830027087 -0.0030308641837095765 -0.11415912454241049 -0.2147897749152573 0 -0.1154940498764211 -0.22039296520724272
4.188376753507014 0.0015226335873465718 0.005027783701855099 -0.0012293025837262783 -0.0024362822525434234 -0.12085089873041151 -0.2093901777866264 0 -0.12299371987486112 -0.2134387707065467
4.208416833667335 0.0010525184971196394 0.004947641111411341 -0.0023391671358590975 -0.0031544798786016914 -0.12806516058546588 -0.20167497561604864 0 -0.13013678269844245 -0.20626192737617835
4.228456913827655 0.0010224860399984281 0.00465282272048515 -0.001889961625325668 -0.002199641899150816 -0.13236186759897442 -0.1953430132856863 0 -0.13691824479452433 -0.1988789786379131
4.248496993987976 0.0005323020267963717 0.005044238243044023 -0.0017576423831235247 -0.002989674189625371 -0.13943154784767403 -0.1886237355925256 0 -0.14333382264308195 -0.1913064879158265
4.268537074148297 0.000627498336944831 0.004938365014891291 -0.00276864284518546 -0.0030091912435808187 -0.14590809677372582 -0.18094094395872853 0 -0.14937993590662174 -0.18356101025402
4.288577154308617 0.0005723715785261843 0.004825198483042607 -0.0035803331735307724 -0.004064329461579374 -0.15205937711429024 -0.1729130122319191 0 -0.15505369952791737 -0.17565906451162377
4.3086172344689375 0.0008368621964572043 0.005548929624460937 -0.00437313392122155 -0.0026446747255176053 -0.15737863144436245 -0.165084145334464 0 -0.16035291480979197 -0.16761710617060577
4.328657314629258 0.000959188797298032 0.005491648855563116 -0.004420745768365003 -0.0028429938190626344 -0.16186755375598103 -0.15691312653379882 0 -0.16527605951221278 -0.15945150079017487
4.348697394789579 0.0013051009626943314 0.00484665737551862 -0.003806405310982433 -0.0022368400662511434 -0.16642384815293046 -0.14962433946349604 0 -0.16982227700293173 -0.15117849813979437
4.368737474949899 0.0018862704478989566 0.005094666849912229 -0.0036648886095026942 -0.002862147316251061 -0.17029762818836278 -0.14115962542404664 0 -0.1739913644987774 -0.14281420704105174
4.38877755511022 0.0017491232935707604 0.0047614967156966405 -0.0047678742981431795 -0.0014717981540966903 -0.17309627173184433 -0.13304861008314992 0 -0.17778376043551025 -0.13437457094682317
4.408817635270541 0.0023093006003686656 0.004110125034814344 -0.004317403320624991 -0.0013382684895033724 -0.17569096833214046 -0.12448908098933892 0 -0.18120053100486813 -0.12587534428437178
4.428857715430862 0.003717288473236326 0.0042754667050925186 -0.005000605238935829 -0.0007129205546400668 -0.17783484577195435 -0.11660652408324917 0 -0.18424335589807542 -0.11733206958718544
4.448897795591182 0.004128608954016157 0.0034271927099774812 -0.004564582863361274 -0.00021432397373666719 -0.18136093962787553 -0.10748387498314226 0 -0.18691451329564537 -0.10876005543854922
4.468937875751503 0.0028485629479213055 0.003045004924945064 -0.004174909565617921 0.00035322265285949215 -0.1834308732671264 -0.09974159683137582 0 -0.18921686414379263 -0.10017435524800886
4.488977955911824 0.0037977321868291115 0.003721019107542257 -0.004463797604169378 0.0007874102749237354 -0.1858752686109099 -0.09127946958482468 0 -0.19115383575817363 -0.09158974688006506
4.509018036072144 0.0036194994276358286 0.003076620665948956 -0.00402235753087309 0.0013419452636873582 -0.18763795299535427 -0.08373117666691907 0 -0.1927294047960079 -0.08302071315260258
4.529058116232465 0.00323768441419514 0.0032266982353074966 -0.003568182297861582 0.0010605546284990807 -0.1890934855813112 -0.07406320277317985 0 -0.193948079637879 -0.07448142322075015
4.5490981963927855 0.002522015139406753 0.002222910127990305 -0.0024392419991141555 0.00026260956087837013 -0.19049856405699914 -0.06493097707698398 0 -0.19481488222069615 -0.0659857148600616
4.569138276553106 0.0024074858458736927 0.0015690532479522828 -0.00261117847614996 -4.901901125369936e-05 -0.19092253910598717 -0.05757104952427669 0 -0.1953353293634012 -0.05754707766110178
4.589178356713426 0.0020380784487402195 0.0019641588761441214 -0.0026191327724033858 -0.00013395824344612496 -0.19139632214643573 -0.04886231665409403 0 -0.19551541362703606 -0.04917863714575468
4.609218436873747 0.0021257621392535815 0.0018420161395936308 -0.0007585746669950373 0.0005963020311370969 -0.19174012011235902 -0.041480863834783534 0 -0.19536158375074877 -0.04089313981379901
4.629258517034068 0.00235147211065002 0.0018918896818816465 -0.0007730308491023092 0.0007797379340742195 -0.19137805688406023 -0.03309194793961309 0 -0.1948807247052063 -0.03270293912656481
4.649298597194389 0.0030324012943413674 0.0017091853559036447 6.402607552629216e-05 0.00046325383552866053 -0.190901208397847 -0.025714544327271903 0 -0.19408013740470687 -0.024619982432753772
4.669338677354709 0.0027760163985197247 0.0008360152385166609 -0.0003189100444665633 0.0008437749293648579 -0.18999128090026401 -0.01765248513390681 0 -0.19296751811904195 -0.016655798839825823
4.68937875751503 0.0027562712952115607 0.0013037207693457349 -0.0005751216259227606 0.0014629718667448356 -0.1882268260394003 -0.010227504878451803 0 -0.1915509376258498 -0.008821488032679495
4.709418837675351 0.003232454012471131 0.0012121052144774293 0.001417144121391309 0.0014246086803153854 -0.18760100592501897 -0.0021715154319859823 0 -0.1898388201438341 -0.0011277100397286538
4.729458917835671 0.002634398097296408 0.0010237059962688836 0.0015318786229787035 0.002969756888108604 -0.18490717950987406 0.004563761901756526 0 -0.1878399220867898 0.0064153240551367485
4.749498997995992 0.0021520989251818923 0.001442574303910641 0.0012002738208335732 0.004005139386989831 -0.18351963110025268 0.010609809120597523 0 -0.18556331067788706 0.013797860457776704
4.7695390781563125 0.002451520135112099 0.0014265936561744495 0.0010209458349820161 0.003501216513089605 -0.18141954379020628 0.0179659266334856 0 -0.18301834246312157 0.021010610070816987
4.789579158316633 0.0027298861968103457 0.000995124184505402 0.0013015318970798144 0.004103248181748127 -0.17892043385619602 0.024663275545284507 0 -0.18021464176223254 0.028044754968560917
4.809619238476953 0.0026381414508197067 0.0005582777465027257 0.0009481614049824831 0.004276676725826378 -0.1763331521715448 0.030993701683220274 0 -0.17716207909474024 0.03489195394734536
4.829659318637274 0.002511953643384451 0.0005594518898148123 0.0007758239776910393 0.004300239725938202 -0.1741082257576411 0.03878285178339975 0 -0.1738707496180462 0.041544347160310593
4.849699398797595 0.001987216185540667 9.7450750355038e-05 6.390106297463553e-05 0.004530740388572397 -0.1715950302715352 0.04566264933159346 0 -0.1703509516137901 0.047994559846914336
4.869739478957916 0.0016855712601984698 -1.5483420879911425e-05 -0.0001976530992599955 0.0038465338059302033 -0.1679095039439803 0.05041018195994435 0 -0.16661316505785198 0.054235705168855126
4.889779559118236 0.001936192099195796 7.307181849529656e-05 0.0004141990474178305 0.0036484919058049374 -0.16503148683744848 0.05737241461790776 0 -0.1626680303085506 0.060261386165338326
4.909819639278557 0.002746771083954363 -0.0005096072608079888 8.101746737639942e-05 0.0032146472630306963 -0.16055018426312945 0.062461712189621696 0 -0.15852632694669913 0.06606569684185726
4.929859719438878 0.0022499963252014 -0.0005779689479665089 0.00045828625679472917 0.0029808658075542505 -0.15656503891012016 0.0681177684692245 0 -0.15419895280026 0.07164322240783723
4.949899799599198 0.003198046183944355 -3.63840846501422e-05 0.0007461015628358132 0.0023945583623088975 -0.15257354756842087 0.07419458229181931 0 -0.14969690318537224 0.07698903867963301
4.969939879759519 0.003544845666986576 0.000134041024744512 0.0003240860168156389 0.0026092122354194375 -0.14768944167795597 0.07883114642393356 0 -0.1450312503945343 0.08209871066644572
4.98997995991984 0.003054451762862186 0.0004145125942549961 0.0001323003507902343 0.0018269285534052743 -0.1426020570712921 0.08377996479931218 0 -0.1402131234616972 0.08696829035775815
5.01002004008016 0.002614501885010349 0.0006385006568312439 0.0005461713904786428 0.0018644603791140623 -0.13815716594306968 0.08957041080719923 0 -0.13525368823295875 0.09159431373187304
5.03006012024048 0.0018509649287838574 0.0006733302639388899 0.0015364488036003325 0.002411644962132359 -0.132213016947132 0.09241632342003928 0 -0.130164127770471 0.09597379700605943
5.050100200400801 0.0024615275007448677 0.0008348383169726369 0.0016151227685246561 0.0014824665697562539 -0.12741187878661323 0.09735846648629619 0 -0.124955623116057 0.10010423214969172
5.070140280561122 0.0031899436771501656 0.00010082825210481279 0.001776904446683844 0.0005507081085531047 -0.12228369390698576 0.10086494104448233 0 -0.1196393344399046 0.10398358168258227
5.090180360721443 0.0033057753128578533 0.0006979075747263925 0.0024171808146523795 0.002052041032524296 -0.11525172428538057 0.10481976797414123 0 -0.11422638259854444 0.1076102727814824
5.110220440881763 0.0027690392056285273 -0.0001114906312050497 0.0016265886333590954 0.002226362090882049 -0.10984422735841784 0.10828460294454774 0 -0.1087278311251539 0.11098319071843225
5.130260521042084 0.003170422294384664 -5.119586455844504e-05 0.0020070167489404382 0.0028785560659224407 -0.10371635542746575 0.11163459088656215 0 -0.10315466867403644 0.11410167165530528
5.150300601202405 0.0032029792537561813 -0.0003060600167469488 0.00293194829793445 0.0024970687443228155 -0.0991108503855372 0.11505944362913181 0 -0.09751779193993003 0.11696549481949188
5.170340681362725 0.003411567959502481 -0.0003478574639649782 0.003373331664744252 0.002093031389316874 -0.09432655069143496 0.11837043895480201 0 -0.091827989071579 0.11957487408622428
5.190380761523046 0.002949569936031724 0.00045759937732806007 0.0030207465455750404 0.002160580174277757 -0.08916355932058011 0.1213815497581739 0 -0.08609592359778928 0.12193044899353568
5.210420841683367 0.0030389497275230236 0.0001959547205381808 0.003918132773694385 0.0020220241728794238 -0.0828886635193444 0.1235470616294719 0 -0.08033211888295927 0.12403327521629107
5.2304609218436875 0.0030272076587248855 0.00041052631518478743 0.0030604934098349573 0.0013490356203302752 -0.07758206636175366 0.1250836317321797 0 -0.07454694312784081 0.12588481452611883
5.2505010020040075 0.0029508606288286424 -0.0003075231677519185 0.003102005789920002 0.0017550622500717363 -0.07268087859056582 0.1265427986093962 0 -0.06875059493005885 0.12748692426440528
5.270541082164328 0.002479847375124498 -0.00019258046863762033 0.0022682433756723496 0.0014376954225928998 -0.06645349826395029 0.128760705709629 0 -0.06295308941767759 0.12884184635580087
5.290581162324649 0.002041440384413564 0.00018990578182714925 0.0023032651783352663 7.312537549271051e-05 -0.06024046647983584 0.13007678449302026 0 -0.05716424496787647 0.12995219588991552
5.31062124248497 0.002733458067729196 0.0005088218266685646 0.002745373415085757 -0.00034946151099113327 -0.05532138928280615 0.13059838444967722 0 -0.05139367052156174 0.13082094929906482
5.33066132264529 0.00281820966163795 0.000941288110286114 0.0037469391169258964 -0.0005723219800256973 -0.048672390653659754 0.13130705216595506 0 -0.04565075350352708 0.13145143216005487
5.350701402805611 0.00312518198731703 -0.00037773656871356137 0.004489783187594765 -0.0006565024232774209 -0.044145541966027886 0.1316068134448518 0 -0.03994464835655599 0.1318473066480761
5.370741482965932 0.0035663184842665775 -0.000585927469186564 0.004262418879355253 -0.0007120150926291435 -0.037436522358415485 0.13113161064467144 0 -0.03428426569666136 0.1320125586708052
5.390781563126252 0.0028225057568416517 -0.001268179082246078 0.00451341505902498 -0.000490003946486561 -0.03265625959694648 0.13150977274650907 0 -0.028678262095457194 0.1319514847107994
5.410821643286573 0.0029395485585132874 -0.0009604127715484294 0.003834322510967635 -0.0007414505042142195 -0.027449250359797436 0.1305791720210836 0 -0.02313503049448549 0.13166867840420052
5.430861723446894 0.0030366475961943716 -0.00040088465500997335 0.0026194054092972597 -4.22293873347578e-05 -0.02223767556842508 0.13155441527273648 0 -0.017662691255158177 0.13116901688365787
5.4509018036072145 0.0027632357443756173 -0.0006835806173973837 0.004437169858056174 0.0001350834574231458 -0.01782130864847365 0.13039635131395513 0 -0.01226908384682012 0.13045764691322273
5.4709418837675345 0.0027508698782305 -0.0008690421722327218 0.0040971425736530944 -0.0007350291203343645 -0.011543240380624022 0.12900857994620182 0 -0.006961759174320422 0.12953997084276794
5.490981963927855 0.0020688723997149645 -0.00017259177928291252 0.003954562689834294 -0.000904921314423942 -0.0066690366614127715 0.12845848796818013 0 -0.0017479725453640638 0.12842163240924487
5.511022044088176 0.0009811366765507211 -0.00014751787201447802 0.00324018117727657 -0.0007473946131379339 -0.0011514592387326216 0.1280221248152247 0 0.0033653227231637173 0.1271085024118066
5.531062124248497 0.000601962344103408 -0.0001145050730060079 0.002156016455467477 -0.0005083860907237433 0.00391329762037148 0.1254029236026259 0 0.008371481061779816 0.12560666428750333
5.551102204408817 0.00023667894191794413 0.0005663393911771891 0.0032674687353700404 -8.645713528836015e-05 0.00881232336727057 0.1242569973445398 0 0.013264169770802815 0.1239223996138933
5.571142284569138 0.0005606399522093229 0.0009480049766826081 0.0030126421141901684 -0.0010374548443154094 0.0135572111444499 0.12229269290005805 0 0.018037373512500163 0.12206217356451435
5.591182364729459 0.00044755073006724555 0.001420687158944708 0.0037061189924733097 -0.0006940215517094948 0.01794373455108368 0.12032267007552527 0 0.022685398177894264 0.12003262034272603
5.611222444889779 -0.0007415196775119681 0.0010964536480426422 0.002165834574017251 -0.000617158660657948 0.02344275081547444 0.11870920867731118 0 0.02720287413410535 0.11784052861896151
5.6312625250501 -0.00022168324529293576 0.0011591361233529419 0.0029997049425708197 -0.0012100640014997114 0.02847524207457298 0.11755220055573169 0 0.031584758859033016 0.11549282699592686
5.651302605210421 -2.5104953808339966e-05 0.0009657129038908066 0.002148861621176141 -0.001488029468118174 0.03310195378436268 0.11634507590835479 0 0.03582633897107871 0.11299656952575221
5.671342685370742 0.0006281291469110869 0.0005776127265987644 0.004064024640353887 -0.0002110042518430178 0.03722650120097194 0.11347772987829195 0 0.0399232316624863 0.11035892130253222
5.691382765531062 -3.717731683930131e-05 0.00029974421863091167 0.004547008494493952 0.0008118839298327979 0.041581773002703146 0.11046558244115748 0 0.04387138554570848 0.10758714415310458
5.7114228456913825 -2.5005789547242492e-05 0.0005581830922479893 0.004616183839935207 0.0005267666031663061 0.04510479005875443 0.10835913621653807 0 0.047667080923016976 0.10468858244829253
5.731462925851703 -0.00023221136776052704 0.0008046000221879354 0.006657687624622874 0.0002930460217582182 0.04946792259304316 0.10467531087124628 0 0.05130692949034162 0.10167064905619681
5.751503006012024 -5.545430833924776e-05 0.0003302978220433429 0.005513989829401586 0.00037314615186490865 0.05280291472531257 0.10191288756032622 0 0.05478787348706729 0.09854081145844912
5.771543086172344 -0.0010505996302920166 0.00032858553378559743 0.0051304636100104745 0.0005504843807544142 0.056793410705680385 0.09930362736416454 0 0.05810718430421493 0.09530657804965387
5.791583166332665 -0.00035413501672990836 -0.00015496247237320479 0.004553133558428273 0.0007080988134670934 0.060191710421054985 0.09548283591647895 0 0.061262460564106336 0.0919754846395304
5.811623246492986 -0.0005601137261624371 -0.000905038747084193 0.004505877477008936 -1.7548385005992035e-05 0.0625762915715887 0.09191901390369132 0 0.06425162568524093 0.08855508117654197
5.831663326653306 -9.612622280764193e-05 -0.00048094596356226886 0.004736614664701243 -0.0008897102646772513 0.06510944590707012 0.0877741214980409 0 0.06707292494671528 0.08505291871104621
5.851703406813627 -0.0003198310402020135 -0.00011259570501931374 0.005064397060287922 -0.0009361934204901404 0.06806121497136952 0.08272674019702757 0 0.0697249220670735 0.08147653661524272
5.871743486973948 6.805255535864233e-06 0.00021395186317705163 0.005746297765179195 -0.001545005685159695 0.07012695843317501 0.07895784806947857 0 0.07220649531300147 0.07783345007641751
5.891783567134269 -2.538882119640922e-06 0.0009278994658471355 0.005775676919374303 -0.002153552080176284 0.07286451925904404 0.07442174249417707 0 0.07451683315377068 0.07413113787919026
5.911823647294589 9.032320470947045e-06 0.0007520757984569269 0.005078899046661423 -0.0021590739355293064 0.07426416703181557 0.0715222465034713 0 0.0766554294777839 0.07037703049167576
5.9318637274549095 0.0009170183991236669 0.0010280595995682427 0.004215016258129626 -0.0028522433220273787 0.07673699921336515 0.06861747381487343 0 0.0786220783879949 0.06657849846965744
5.95190380761523 0.0010405495868431468 0.0010758579332514992 0.0033110300873733243 -0.0017187743602675451 0.07890597705999834 0.0656440103299837 0 0.08041686859334897 0.0627428411920581
5.971943887775551 0.0009130738899414457 0.0010542882502238191 0.004276374148949908 -0.002119077027496166 0.08010754064769748 0.06128737373191137 0 0.08204017741373842 0.05887727594016415
5.991983967935871 0.0003903595356158472 0.0012511872810268621 0.004983202315049714 -0.0030040701955912678 0.08152916844656985 0.05792389157704972 0 0.08349266441626785 0.054988927332236946
6.012024048096192 -0.0003784584648562151 0.0013645297926824177 0.004666830047354958 -0.003304394616588373 0.0823821883775239 0.055208010104757135 0 0.084775264700898 0.05108481712430978
6.032064128256513 0.0009779163828117596 0.0014575281285596298 0.0036238058031541134 -0.0033205554471303377 0.08271422029274582 0.05168712923451269 0 0.08588918185376794 0.047171854387139944
6.052104208416833 0.0010593871637975764 0.0012975623434107347 0.0030736934818092745 -0.0038067648125347437 0.08313297110595093 0.047292320760085216 0 0.08683588058669633 0.04325682606844672
6.072144288577154 0.0017645742562556808 0.0010562518928509002 0.002053471482050438 -0.004165637097819399 0.08381179899293423 0.04198525320497234 0 0.08761707908152362 0.03934638794873839
6.092184368737475 0.002241863120369843 0.0007135750984509958 0.0013263178006054062 -0.004218843186267003 0.0845638471632847 0.0402284925630288 0 0.0882347410580861 0.03544705599820162
6.112224448897796 0.0024926909803538936 0.00039364031046584856 0.0008424300082603382 -0.0038392503250239524 0.08597592427682471 0.03564954119891372 0 0.08869106758470777 0.031565198141296144
6.132264529058116 0.0017131068043631718 -0.0001591442111987888 0.0021592221490123495 -0.003659459514329098 0.08699821482374859 0.031227227975426826 0 0.08898848865015488 0.027707026434882705
6.152304609218437 0.0021878813596439024 -0.0007114434614968648 0.0012355788630832724 -0.004245300834083344 0.0870017305450889 0.026737981581568305 0 0.08912965451602607 0.02387858966489327
6.1723446893787575 0.0022416452823924883 0.00026695113126341976 0.0011591881356904793 -0.003538828608577599 0.0866509337525173 0.022962880354364775 0 0.08911742686854532 0.020085766365750664
6.192384769539078 0.0014136229281718825 -8.129884767654177e-05 0.0011920778776796244 -0.004453324342454446 0.08659740255973022 0.020524081397455676 0 0.08895486978868743 0.016334258265941003
6.212424849699398 0.0014643989226914077 9.934392933770106e-05 -4.9661900483455953e-05 -0.004699070261422306 0.08671612845891 0.01557226187402207 0 0.08864524055949763 0.01262958416236081
6.232464929859719 0.0019280404758816986 -0.0008003013971105525 8.625464711592814e-05 -0.0057304743741950215 0.08659495427372035 0.01100831903062384 0 0.08819198032936655 0.00897707422527943
6.25250501002004 0.0024121936422810027 -0.0016631260057381639 0.00014911522295327952 -0.005741403458833684 0.08458244439095505 0.007818661024993784 0 0.08759870464989472 0.005381864734998078
6.27254509018036 0.002008962164069536 -0.0015821344110483436 0.00041621266174256516 -0.005056826368668957 0.084301575912956 0.0036512378214586683 0 0.08686919390682116 0.0018488932505301098
6.292585170340681 0.0024325611071325014 -0.0015064100658246009 0.00036302709226203 -0.004828013047375254 0.08284113980759522 0.0013954328709503017 0 0.08600738366230584 -0.0016171057901045293
6.312625250501002 0.002610539540212508 -0.001450146643806779 0.00061417273086587 -0.005428657956171409 0.08278734131177108 -0.0014128266196481813 0 0.08501735492664281 -0.005011605039099145
6.332665330661323 0.0031924993037545156 -0.0012634406690060463 0.0013765649717754679 -0.006155099088622038 0.08161936084880275 -0.005413349371169145 0 0.08390332437724012 -0.008330287779432092
6.352705410821643 0.00358765471638206 -0.0011693199773476475 0.0012108144093694831 -0.006734243330618826 0.08162446156456724 -0.007818859697214225 0 0.0826696345424395 -0.011569051039310585
6.372745490981964 0.0033816735898440217 -0.0017972436090257012 0.0006956911748138868 -0.006297968262154972 0.08036777414300197 -0.012312439960393665 0 0.08132074396745811 -0.0147240082836808
6.3927855711422845 0.0023368512859738987 -0.0007079273244051288 -0.0001877386761651691 -0.007155747389340891 0.07837049191753408 -0.015663849232935945 0 0.07986121737942338 -0.017791491686645705
6.4128256513026045 0.003074992847545923 -0.0004046702851749383 0.00016197596686273876 -0.007522500057736399 0.07786501689556716 -0.019334687545169427 0 0.07829571586813511 -0.0207680539892689
6.432865731462925 0.0023498260039830593 0.00027146446024874386 -0.001360749140984205 -0.007672523698745763 0.07551707151491799 -0.02200008011439768 0 0.07662898709883378 -0.023650469947850424
6.452905811623246 0.0031260403875559037 -0.00022688804865570957 -0.0021659604754991828 -0.007994844662618624 0.07452010484710504 -0.024442462496532504 0 0.07486585557287677 -0.026435737378351646
6.472945891783567 0.0037604971250241046 -0.000491262900100026 -0.002947707685008297 -0.008242043947322699 0.07248247003257369 -0.028256129941512966 0 0.07301121295182664 -0.029121077803219802
6.492985971943887 0.0032707786690459118 -0.0007786491318506079 -0.004196022782828549 -0.006935315686887337 0.0705280321407765 -0.03025616004805789 0 0.07107000846004244 -0.03170393670740578
6.513026052104208 0.002845685347637577 -0.0008345229583747013 -0.004783356066962947 -0.006488549520254697 0.0688799163545051 -0.03293489299239666 0 0.06904723938043145 -0.03418198341089797
6.533066132264529 0.002563498306240678 -0.00018533593498674863 -0.0051191178775804765 -0.006880134529389639 0.0661436775663885 -0.03628556990140833 0 0.06694794165757245 -0.036553110565594175
6.55310621242485 0.0025806081817712767 -0.0005606123018038339 -0.004955552450042493 -0.007293191467291576 0.06281653909206797 -0.0395125458467203 0 0.06477718062195571 -0.03881543328481746
6.57314629258517 0.0026656734153589316 -0.0003263148636588031 -0.004861957326579797 -0.007712390050598431 0.05996900354651207 -0.04155525809695982 0 0.06254004184860978 -0.04096728791423327
6.593186372745491 0.0032679673742338124 0.0001089718220551196 -0.00578884004057367 -0.006522753483874635 0.056986964054039316 -0.042757546526103425 0 0.060241622162893464 -0.04300723045336066
6.613226452905812 0.0026526014104964776 0.00013466570482690234 -0.005753296541909497 -0.007127663181595796 0.05392649210862463 -0.045446493628218516 0 0.057887020805730695 -0.04493403463727556
6.633266533066132 0.0031916976691425377 0.0004386510158498364 -0.004684590025340353 -0.0074958150285615015 0.05120840632573749 -0.046585886393455476 0 0.05548133077005048 -0.04674668968849093
6.6533066132264524 0.0026777001776085697 0.0004130253108426108 -0.005614410246096864 -0.007315839020504901 0.047656669188825246 -0.04755179754516164 0 0.0530296303196736 -0.04844439774935512
6.673346693386773 0.002271574183503818 -0.0002993279676765771 -0.005519391384023694 -0.0067091215225545345 0.04603903768374895 -0.05067441396669145 0 0.05053697470135707 -0.05002657100564495
6.693386773547094 0.0020851832020308647 -0.0005571391561233156 -0.005028230129147111 -0.006990819209838772 0.04294418473487267 -0.05106755503811956 0 0.048008388060164935 -0.05149282851234159
6.713426853707414 0.0019727517389857337 -0.00030860284704470033 -0.006094927538317707 -0.007623746362152545 0.04106524127578563 -0.0531078153127337 0 0.04544885556779296 -0.05284299273286013
6.733466933867735 0.0011355707919640846 -0.00044720387742966156 -0.00673178433801121 -0.00737413404233202 0.03889940779052499 -0.054259808566243 0 0.04286331577292051 -0.054077085803266194
6.753507014028056 0.0004607331437776635 -0.00044678725336044127 -0.007512501910689757 -0.006618101395107324 0.03662789360563813 -0.054939330904950616 0 0.0402566531821112 -0.05519532553324704
6.773547094188377 0.0006742908417247251 -0.0006847662986120031 -0.006651192767225601 -0.0060585146123067245 0.034194040926012165 -0.05640891491716773 0 0.03763369107922083 -0.05619812115581788
6.793587174348697 -0.0003162442372019095 -0.001487101885380547 -0.0075934450035986464 -0.005681258214259791 0.031228878497521453 -0.05782179407978702 0 0.034999184590714896 -0.05708606883792924
6.813627254509018 -9.38758573344091e-05 -0.0012293752809725861 -0.008583270802624523 -0.0044099639382163824 0.028027756736922125 -0.0585520651093575 0 0.03235781400373173 -0.057859946964304694
6.833667334669339 -0.00023104072413379824 -0.0019810426139067693 -0.009363878280434853 -0.004222972329604871 0.026900473601736124 -0.06079703477587725 0 0.02971417834316848 -0.05852071120697639
6.853707414829659 -0.00040948780992016695 -0.0014146814181786502 -0.008687455736398956 -0.003965524403377468 0.024527172286576318 -0.062424358602195154 0 0.027072789213500602 -0.05906948939310116
6.8737474949899795 -0.0003493241513867557 -0.0015950485612523627 -0.009908982615393065 -0.003193720963986076 0.022238920523328976 -0.062337089400432866 0 0.024438064910488118 -0.05950757618373037
6.8937875751503 -0.0010001120621415793 -0.00149574744542383 -0.010395105666396664 -0.0023908578394672337 0.01911152170220788 -0.06286798004366959 0 0.021814324807363974 -0.05983642757627506
6.913827655310621 -0.001960195015271717 -0.0014840335947724835 -0.009927458710596497 -0.002736146356704598 0.015892975024311966 -0.0620622935330107 0 0.019205784019541292 -0.06005765524345313
6.933867735470941 -0.0017673647348545245 -0.001962277820069783 -0.010136722051800655 -0.0007381551933845217 0.013658293303999989 -0.06278218416101007 0 0.016616548351329943 -0.060173020721527574
6.953907815631262 -0.002110563699028078 -0.0014114011097874641 -0.01079852771037899 -0.00016713447432875272 0.01021147318783752 -0.06209690726416071 0 0.014050609527603704 -0.06018442946064545
6.973947895791583 -0.0019697844035038814 -0.0014899253411996308 -0.010768191498301785 0.00047082259295160044 0.008545253428179331 -0.06296255776553229 0 0.011511840712822923 -0.06009392475006618
6.993987975951904 -0.001568934091322999 -0.0016282296497451677 -0.01086629240861229 -0.0002647255100831447 0.005320373469468734 -0.06256466349539642 0 0.009003992319279945 -0.059903681531025176
7.014028056112224 -0.0022629983566173914 -0.0013048199519438922 -0.010424611963442758 4.1110793474112496e-05 0.0029523204133113795 -0.0620207854590813 0 0.006530688105913265 -0.05961600010991609
7.034068136272545 -0.0016651290377487585 -0.0008539182253318524 -0.010141213919174982 4.357674009559923e-05 0.0009083497937065947 -0.0618230738433159 0 0.004095421568515311 -0.05923329978439139
7.054108216432866 -0.0015265862662883678 -0.0009659981609948796 -0.010343408091733798 0.0013262624969279952 -0.0016133948900617459 -0.06158634053444884 0 0.001701552621653315 -0.05875811239487848
7.074148296593186 -0.001344364325820497 -0.00014578205939160931 -0.010015611971460125 0.0006506195012134219 -0.003380562380894172 -0.060900657149156864 0 -0.0006476954278804022 -0.05819307581388637
7.0941883767535066 -0.001884849384381117 -0.0004355674421162491 -0.009916506148154591 -0.0001082838272019836 -0.005658960448775037 -0.060482277546468226 0 -0.0029492386167581904 -0.057540927385337504
7.114228456913827 -0.0016616764749032222 1.599948172242803e-05 -0.010109137536473781 -0.00020149763519171577 -0.008565242997977323 -0.05997587965734425 0 -0.005200134771094637 -0.05680449732600141
7.134268537074148 -0.0017123273948392477 1.661583446091324e-05 -0.010274182247914362 0.0012340661409267297 -0.009607273824505448 -0.058804160614472155 0 -0.00739758566432925 -0.05598670210093061
7.154308617234468 -0.0013666615333507851 0.0012859396618111081 -0.009110495179786376 0.0016397924825735156 -0.010960078848056522 -0.057360643671389315 0 -0.009538938889082658 -0.055090537784607665
7.174348697394789 -0.0015648639983129014 0.0011405138540599394 -0.0094119577171599 0.0034665934539826167 -0.012201367786165164 -0.05696202138378918 0 -0.011621689445499777 -0.05411907341930363
7.19438877755511 -0.0009902689229263186 0.002046546195281203 -0.008009593268451999 0.003706111944241549 -0.014720737483377952 -0.05681450469000071 0 -0.013643481049019857 -0.05307544438192522
7.214428857715431 -0.001196211470525065 0.0021849160157205094 -0.007965503963946309 0.003813910943037501 -0.017002592403937238 -0.055321202627181404 0 -0.01560210716093242 -0.051962845770389086
7.234468937875751 -0.0012464013623104484 0.0017453098648960357 -0.008767910597394958 0.004282799069873645 -0.018847934832309298 -0.054247139140492624 0 -0.017495511745476512 -0.0507845258203106
7.254509018036072 -0.0007473379392459186 0.0013036956367555367 -0.0078100476239087785 0.004035635731379652 -0.020877168435387762 -0.05276328554959817 0 -0.01932178975763062 -0.049543779362528295
7.274549098196393 -0.0007557223795926243 0.0006537380934746218 -0.009058358786469581 0.0033921363590910586 -0.02271237393221016 -0.05240964682701973 0 -0.021079187366111106 -0.048243941331708534
7.294589178356713 -0.0008286995172510071 0.00026800646660281796 -0.007940196513878844 0.0033555536567595 -0.024820744813505508 -0.051044564969343675 0 -0.02276610191645751 -0.04688838033598407
7.314629258517034 -0.0008040218173893995 0.0009722027284533596 -0.008915122682653959 0.004221229147478831 -0.026437676630182913 -0.04854598596580248 0 -0.024381081639423173 -0.045480492297280344
7.3346693386773545 -0.001076496889844999 0.00015389371675058648 -0.00950638484816726 0.004218557213452331 -0.028036095460015883 -0.045814348938964015 0 -0.025922825110216555 -0.04402369417167309
7.354709418837675 -0.0011566485994153114 0.0005963903230169133 -0.009178195341848569 0.004508407527578655 -0.029484637383719425 -0.044912403817649445 0 -0.027390180464451564 -0.04252141775879809
7.374749498997995 -0.0013003381906417065 0.0005105574684767291 -0.008341748973140958 0.004411537716373234 -0.030527114146793627 -0.04344879776142849 0 -0.028782144376957537 -0.04097710360900696
7.394789579158316 -0.0008872615551063734 0.0012163143312536944 -0.008549150069734283 0.005996647577846214 -0.031576713807791076 -0.04178513364508158 0 -0.030097860809880046 -0.03939419503662299
7.414829659318637 -0.0009653403544099596 0.0007067222366167101 -0.008092756588542527 0.006099745310931797 -0.0333458555628478 -0.03910360659468457 0 -0.03133661953676414 -0.037776132247308566
7.434869739478958 -0.0007095269349835456 0.0004220418629781917 -0.007930706717620858 0.006694607741204541 -0.035633387452504606 -0.03745252132012139 0 -0.03249785444955963 -0.03612634658720073
7.454909819639278 -0.0005947325410894562 -0.00039914574863080215 -0.007824948024929942 0.006645480178927674 -0.03739973714987015 -0.03579633661438037 0 -0.03358114165571486 -0.03444825492111689
7.474949899799599 -0.0002747652834053871 0.0003149799422487687 -0.0074151615363361525 0.006697968630367509 -0.0384674080127995 -0.034428645321518264 0 -0.034586197372739484 -0.03274525414676742
7.49498997995992 -0.00013833463668349983 -0.00042473716339918953 -0.0074253611968622835 0.006906100427641392 -0.04040374987402065 -0.03221384237297469 0 -0.03551287562781125 -0.03102071585154665
7.51503006012024 0.0007499506342942646 -0.001282301697424895 -0.0059363979554700515 0.008122939596979569 -0.04033061973704222 -0.031496237595328255 0 -0.03636116577018231 -0.029277981118099795
7.535070140280561 0.0009907664819367077 -0.0016387505588734024 -0.006122737542456387 0.006989727422135291 -0.043075758243506936 -0.028703746824469387 0 -0.03713118980430195 -0.027520355484491214
7.5551102204408815 0.0004120599902555381 -0.0014461358357647064 -0.005205113101347852 0.006999632049218065 -0.04414444896426611 -0.026956600122305052 0 -0.037823199551718346 -0.025751104064422478
7.575150300601202 0.0010188194544917231 -0.002133439739219475 -0.00394330743251075 0.0071066686639755456 -0.04293085669462233 -0.024631268930951727 0 -0.0384375736499524 -0.02397344683256819
7.595190380761522 0.0014857052679529612 -0.0015860642679377112 -0.005032846268355191 0.007414204100995705 -0.04226384803627981 -0.022193736866997934 0 -0.038974814396648454 -0.022190554079720662
7.615230460921843 0.0009219817022221641 -0.0013534867973700071 -0.005174722512017596 0.006866156681865963 -0.04419315932254499 -0.019984430180669588 0 -0.039435544447404054 -0.020405542042052225
7.635270541082164 0.0010754017481556953 -0.0014373893186696652 -0.005761102846157838 0.007717751099772826 -0.044549164215531005 -0.017396675178659133 0 -0.039820503375760756 -0.018621468708426687
7.655310621242485 0.0011385838791605723 -0.0020411833802144843 -0.00626797853558534 0.007828987490394797 -0.04536162373702695 -0.015633693345160578 0 -0.04013054410390351 -0.016841329809309673
7.675350701402805 0.00047179233948107797 -0.0004457243355467363 -0.0055099215626178985 0.008670207628400959 -0.04458446285003537 -0.012939059391493837 0 -0.040366629212664144 -0.01506805499045314
7.695390781563126 -7.712893063460156e-05 -0.000363506579451214 -0.00582727277166174 0.00917890822770818 -0.04487688697259198 -0.010658099191577378 0 -0.0405298271394585 -0.01330450417415206
7.715430861723447 0.00048544680856023174 -0.0008233436289765513 -0.006434993622068761 0.009666620521660932 -0.045135775535966156 -0.009524961541607129 0 -0.040621308272804135 -0.011553464110500896
7.735470941883767 -0.00023100317417996448 -0.00017950249912250982 -0.005463398968121224 0.010231603683466076 -0.044287215233497934 -0.007874491416099885 0 -0.040642340952069825 -0.009817645120705704
7.755511022044088 -0.0010440935143214533 0.00033916382192060945 -0.00539960609094371 0.010433946971771415 -0.04518062387703452 -0.006628546760607431 0 -0.040594287381095356 -0.008099678034144507
7.775551102204409 -5.9219827475914114e-05 0.000754381528144123 -0.004371349136716098 0.010002332966107773 -0.044771797462357314 -0.004222535960990463 0 -0.04047859946429507 -0.006402111320507655
7.7955911823647295 -0.000883814555374359 0.0007323718535822304 -0.004266166941818579 0.010988306495823648 -0.04475800662520959 -0.0017573958586355254 0 -0.040296814573818375 -0.004727408417991746
7.8156312625250495 -0.0011356379687812268 0.0005171872165602736 -0.0024686093261566296 0.009965145179193226 -0.04487223950643997 0.0007532595139111718 0 -0.040050551256286766 -0.00307794525817273
7.83567134268537 -0.00015948200265495743 0.0002987580410950127 -0.0016619139684160508 0.010750229240735676 -0.04428517437495828 0.002518365501946699 0 -0.039741504887560196 -0.0014560079878370596
7.855711422845691 -0.0005524342831991722 0.000613000164078357 -0.001452833587697455 0.010806548867252444 -0.044571743736733345 0.003718581414189421 0 -0.03937144328390546 0.00013620911228658035
7.875751503006012 -0.00022568131464948126 0.0005245271655024958 -0.0003710764979317796 0.01018860676018994 -0.04334356018989052 0.004825709409909474 0 -0.03894220227784707 0.0016966055122865195
7.895791583166332 0.0004930242061139335 -0.00010941216419838858 0.0015506022400411665 0.010658188351412216 -0.04223851920795921 0.00630260639957319 0 -0.03845568126687621 0.003223176122031574
7.915831663326653 1.548366549421864e-05 -0.0004491923587508867 0.001593369961274428 0.011360635865959872 -0.041119071590460646 0.008015384889179055 0 -0.037913838743077195 0.0047140127853706245
7.935871743486974 0.0007470929936737821 8.436018588257474e-05 0.0023828783680196054 0.011270548213691329 -0.040393549762169266 0.010867555665225912 0 -0.03731868781160331 0.006167305580906874
7.955911823647294 0.0012016500948331165 0.0002503398617731671 0.002349805353084769 0.01152441802693509 -0.04039791001913535 0.012639588265312746 0 -0.03667229170579489 0.0075813439309879585
7.975951903807615 0.0006480728609119188 0.0006502294229035642 0.0020459202082252974 0.011644081657014855 -0.040443718429879295 0.01407290183044265 0 -0.03597675930658406 0.008954517520842654
7.995991983967936 0.0003458181653557523 0.0005143484807643441 0.0030718951456509998 0.01143484983221367 -0.0397099187984681 0.015096693736209057 0 -0.03523424067367165 0.010285317030077509
8.016032064128256 0.0011406884848677865 0.0008309219617498597 0.001399035620488982 0.011009821866368239 -0.03958222925342983 0.01638616997980651 0 -0.034446922595792816 0.011572334679021445
8.036072144288577 0.0005582945669090117 0.00046058155778162997 0.0013387984816873343 0.010845893303649197 -0.03895257849902014 0.018120505119349383 0 -0.03361702416721095 0.012814264592668212
8.056112224448897 0.0003522402359940797 0.0008522604743831441 0.0021751101955595157 0.011319447690854842 -0.0375288617776451 0.019185403869672563 0 -0.03274679239739392 0.014009902985220236
8.076152304609218 0.00034666286258571365 0.0013797686008141731 0.003763116090070176 0.011627728154392903 -0.03816240362077667 0.019987333358083236 0 -0.03183849786063133 0.015158148168482544
8.09619238476954 -0.000522762139129737 0.001625062406044511 0.0022194792272350245 0.011328267393527507 -0.035292270957141374 0.021585107417459216 0 -0.03089443039215133 0.016258000387586614
8.11623246492986 -0.00011865642036847181 0.001970493979126815 0.0021242922364613963 0.010793359130768303 -0.03358637988209751 0.021283648548615103 0 -0.029916894837085886 0.01730856148774797
8.13627254509018 -0.0001527116912930528 0.001971846799591133 0.002588865737701791 0.01145525078158062 -0.03231751953265461 0.022869533996353494 0 -0.02890820685841877 0.01830903441597279
8.1563126252505 0.0004812539045148225 0.001522467372847224 0.0023111344663507274 0.009997107805105333 -0.031127003791231084 0.02405490671164695 0 -0.027870688809828136 0.019258722561830643
8.176352705410821 -2.0295248788682362e-05 0.0009210618612134106 0.003338656305904921 0.009133257830009537 -0.030406988963152373 0.02508316239171177 0 -0.02680666567911084 0.02015702894159905
8.196392785571142 7.678902492641444e-06 0.0012356696766705711 0.0022317493902969266 0.008361168369604977 -0.0295801088517211 0.025956008094500087 0 -0.025718461107640204 0.0210034552302674
8.216432865731463 -0.0003116560494539091 0.0005131484760458303 0.003011337111306145 0.00802005662048836 -0.030708018923575196 0.027099334931409477 0 -0.02460839349107554 0.0217976006460533
8.236472945891784 -0.0007488941534673852 0.0014234644725816302 0.0037532345676588087 0.0076217444631915985 -0.028354851464729512 0.027482165591027913 0 -0.023478772166299008 0.022539160692242616
8.256513026052104 -0.00022770721164177283 0.0012857930179949982 0.003836897154830942 0.007379553489356742 -0.026714786854739336 0.03001313440158881 0 -0.022331893689311596 0.023227925761309772
8.276553106212425 0.00018025084087302935 0.0003610342878528775 0.005593648202608604 0.006114247138129904 -0.025307223835880303 0.030965097073899786 0 -0.021170038208572405 0.023863779606409213
8.296593186372744 -0.0002081266409585355 0.00030380835555903266 0.006422073759797325 0.005285638675136233 -0.024689574186843123 0.03131061320435266 0 -0.019995465938015253 0.024446697685451935
8.316633266533065 -0.0004749097270297165 0.00041722195115887265 0.007120779396233469 0.005478010397859907 -0.02135325412409184 0.03289964425083788 0 -0.018810413733723476 0.02497674538309329
8.336673346693386 -0.00081214201915145 0.0004221372884025274 0.00814081479833094 0.004309375026004942 -0.020048668290439196 0.033631252111838504 0 -0.017617091777991825 0.02545407611605763
8.356713426853707 -0.001384608534463023 -0.0002894412742133083 0.00833220121799691 0.005101562892653582 -0.017177717941424808 0.03371053732210813 0 -0.016417680374245413 0.025878929327316766
8.376753507014028 -0.0021493536535344615 -6.85786369130719e-05 0.009593349131115305 0.004854142686399433 -0.014950589920668243 0.033090366521586666 0 -0.015214326856033003 0.026251628374715716
8.396793587174349 -0.0022493981267705837 0.00022611339883989187 0.00961767101628502 0.005573008527784759 -0.014246426600182785 0.033041053300803196 0 -0.014009142613053307 0.02657257831970759
8.41683366733467 -0.0033338588762917526 -0.0004105587781626527 0.009829206540201444 0.004286966486875404 -0.012628779158190181 0.03258999393788319 0 -0.01280420023691712 0.02684226362191565
8.436873747494989 -0.0028814759593230187 9.056642682178199e-05 0.010837801266165955 0.004749974788779176 -0.011020515717649929 0.03164932307561862 0 -0.01160153078909235 0.027061245745286122
8.45691382765531 -0.0026429847215568496 9.438552107438983e-05 0.0110997443733757 0.005518112931299374 -0.00969422254365794 0.031784933205268255 0 -0.010403121193223102 0.027230160681630755
8.47695390781563 -0.002188462367080525 0.0005483798668127432 0.011205650791967399 0.004443053740373946 -0.009094270875905372 0.032001897418622485 0 -0.009210911753762704 0.027349716397381877
8.496993987975952 -0.0026937945958397584 0.001129330300186291 0.012187260278160065 0.004349583153055783 -0.008896166718060573 0.032122347596365994 0 -0.008026793802604898 0.027420690209397976
8.517034068136272 -0.0023243538721596994 0.00213953782976331 0.011977039854027335 0.003461582363483894 -0.007376149377716764 0.031033777929848464 0 -0.006852607475151454 0.027443926095660858
8.537074148296593 -0.0018819734643067056 0.0017882604665553018 0.01165265247648463 0.002900412497810472 -0.006430835053414023 0.030963515150316118 0 -0.0056901396170050056 0.02742033194670024
8.557114228456914 -0.0027020270309765213 0.0012511211230452663 0.010927913776843505 0.0011839325656879175 -0.0052441152400924595 0.03166310881774524 0 -0.004541121822232374 0.02735087676356563
8.577154308617233 -0.0025358841730092336 0.001999643649388244 0.010694690689236409 0.00021352078769704244 -0.004998653141671501 0.03152557500349135 0 -0.0034072286039025608 0.027236587808140367
8.597194388777554 -0.002677919984077 0.001140822156912448 0.010583991249862024 0.000530531779727198 -0.004202580332241458 0.030614289156792377 0 -0.0022900756973654574 0.027078547711558144
8.617234468937875 -0.002032980592066407 0.0004546744572122009 0.01034212189874298 -0.0009490172288983317 -0.0024202093160313265 0.03027859343416297 0 -0.0011912184965058629 0.026877891546439006
8.637274549098196 -0.001252846451573254 4.039892989201624e-05 0.01143420790670379 -0.00152757697540064 7.431936287362423e-05 0.03064741391421939 0 -0.00011215062297460219 0.026635803868609156
8.657314629258517 -0.00033160337122407706 0.0005589857918662144 0.011082354597662731 -0.0017790370234988776 0.00140453121861333 0.02891449868565208 0 0.0009456973718226843 0.026353515733908588
8.677354709418838 0.0002925320855835517 -2.2370506563364624e-05 0.010490457774047798 -0.00292818593565397 0.003055291902598414 0.028589858612693166 0 0.0019809591724205804 0.026032301695620933
8.697394789579159 0.00021985953434298035 -0.0001834973752170557 0.009643869766885473 -0.0024126119616299365 0.0044854336510895985 0.027759067784705955 0 0.0029923337333283345 0.025673476787983356
8.71743486973948 0.0010088277486238004 0.0006482456061590935 0.008258719579708078 -0.0033279953602973434 0.006451900860773483 0.028068817803214186 0 0.003978586182268837 0.025278393501149098
8.737474949899799 0.0013006435951943098 0.0003259052007754449 0.009158251469301644 -0.004395106560144961 0.007303008449199327 0.027203636201493176 0 0.00493854859369101 0.024848438752883492
8.75751503006012 0.0015690097310996425 -0.0003219468486454418 0.007140725454749736 -0.004606948842547522 0.00789020711837008 0.025749615988600878 0 0.00587112063382304 0.02438503086217462
8.77755511022044 0.0023381320986552777 6.225300627717652e-05 0.007000087806007346 -0.0040880930806792455 0.007826552286513482 0.024860705595805128 0 0.00677527007872404 0.023889616529834488
8.797595190380761 0.00195367022077787 0.001185068456656831 0.006863337163073967 -0.005071178599463908 0.009064995522202624 0.024477022735563715 0 0.007650033206980306 0.023363667831052905
8.817635270541082 0.001957825963283931 0.0013735881170447756 0.0067476132743138 -0.00523986557109667 0.009879759545138133 0.025127706985911966 0 0.008494515068868523 0.02280867922474876
8.837675350701403 0.0020390170574145832 0.0013972520644320483 0.006470767955847163 -0.004752321600236884 0.010885535055790863 0.025514967548662115 0 0.009307889633982665 0.022226164584438213
8.857715430861724 0.0014408262709450065 0.0007697375772708576 0.006057451212604771 -0.006035962121056754 0.012905891030356414 0.02424017460873013 0 0.010089399819486373 0.021617654255209555
8.877755511022043 0.0012269536147151774 0.0009338517501495891 0.005967344517036728 -0.00587902854753151 0.01254010768592726 0.02296379717409598 0 0.010838357401311534 0.02098469214125933
8.897795591182364 0.0007368215851017902 0.000596142269976092 0.006501798758914459 -0.005568850394920629 0.013608583211428958 0.02271748945339056 0 0.011554142810775847 0.02032883282830384
8.917835671342685 0.0004720006285648211 9.409263398699584e-05 0.005605216227736495 -0.00676070307973707 0.014488098818141247 0.02278465345095698 0 0.012236204819235442 0.01965163874503699
8.937875751503006 0.0009776685431136167 -0.00023965427274153528 0.004767914041834479 -0.006454419996114736 0.01567284210583165 0.021258333506094216 0 0.012884060113528098 0.01895467736765451
8.957915831663327 0.0014278587890832644 -0.0004518194269784623 0.004442883584883262 -0.006969221815881802 0.01603653405219901 0.02003998151227708 0 0.013497292765090173 0.018239518471314223
8.977955911823647 0.0011274415246592063 -0.00045510010221430126 0.004487603818984971 -0.007215900284647371 0.017312105070660555 0.018089028803778964 0 0.01407555359575422 0.017507731432244655
8.997995991983968 0.0011129236314389632 -0.0005981175123255861 0.004237770714510202 -0.008307932681931616 0.018427872945423432 0.017509941662288833 0 0.014618559443348673 0.01676088258405547
9.018036072144287 0.0007475125276658458 -0.0003731692737280349 0.004327582269129043 -0.00871096553437476 0.019076344052807875 0.015038095757507227 0 0.015126092330328376 0.0160005326316412
9.038076152304608 0.0010288846738293741 -0.0006238603533854321 0.004285498229225793 -0.009043850367649217 0.01873706996101384 0.014169332182174544 0 0.015597998538764831 0.015228234125904606
9.05811623246493 0.0010562638949859066 -0.0014146309694581544 0.004772498472280072 -0.008235914716645651 0.018627783910951108 0.013295383739489262 0 0.016034187595116278 0.014445529002360619
9.07815631262525 0.0015728441077461726 -0.0013160683085594808 0.004824482833258575 -0.008753626629285128 0.01956778548744908 0.012479268660911464 0 0.0164346311682838 0.013653946186510934
9.098196392785571 0.000711782129493209 -0.0005878959941134938 0.0036926684826486924 -0.007593697562255762 0.020376162683927255 0.01189056752565703 0 0.016799361884535177 0.01285499926871134
9.118236472945892 3.911447222380395e-05 -0.0005745932259895879 0.0036038919333424373 -0.007324145126925345 0.02016455118266515 0.010528301330544696 0 0.017128472062948305 0.012050184251081203
9.138276553106213 -0.00025748687476518674 -0.0006976935741354482 0.0030911582219429906 -0.006784188818471832 0.0202710042277419 0.01021625490646622 0 0.01742211237508777 0.011240977368832542
9.158316633266534 -0.000254839768081605 -0.001333878201505553 0.0021013977964353552 -0.005611386546788352 0.02064859659046421 0.009195227395994453 0 0.017680490432682418 0.010428832988223297
9.178356713426853 0.0002043694390319969 -0.0010171095516859896 0.0014404355082757573 -0.006079341200497156 0.02156727777585021 0.009751632691405415 0 0.0179038693071186 0.009615181583166148
9.198396793587174 -0.0007579885920023657 -0.0015395590199596505 0.0022346978410361243 -0.0062084022689690745 0.021975771022852406 0.008512041242947223 0 0.018092565984603532 0.008801427792350585
9.218436873747494 -0.001154727131388839 -0.001059510066110115 0.0023995362577194724 -0.006147239090758503 0.021791740541469495 0.006941620080532429 0 0.01824694976088496 0.007988948558564576
9.238476953907815 -0.0009287832038498238 -0.0013113883340776671 0.0025904354536659966 -0.00597704499495903 0.02145581253037494 0.005341205402414933 0 0.018367440579439002 0.007179091351727252
9.258517034068136 -0.00010539695979162223 -0.00126120264714054 0.0023796158912785304 -0.005915557898465369 0.022350375752279703 0.003614131051347845 0 0.0184545073170553 0.006373172476975195
9.278557114228457 -0.0006218156601387684 -0.0014469463131952431 0.0021895166015921223 -0.0055485760161115396 0.021458928735875755 0.0033299031081291354 0 0.01850866602075992 0.005572475468972982
9.298597194388778 0.0003102386457937902 -0.0020058316828252443 0.0020533265102506636 -0.006122315153471706 0.02177734457499473 0.0020813399162704456 0 0.018530478100020394 0.004778249573450321
9.318637274549097 -0.00016640420329559703 -0.0018403249217952733 0.0011299439456259187 -0.005827406893003811 0.02169717040052888 0.0009316306258829357 0 0.01852054847817447 0.003991708316800766
9.338677354709418 -2.1529464950943676e-05 -0.0014941718035669605 0.0006201429467354807 -0.005153578969063879 0.022097981421284624 -0.0007667786470540411 0 0.018479523707015024 0.003214028164411208
9.358717434869739 -0.00010444064894186178 -0.0010441479535171496 0.0009963141562891896 -0.005007133410332253 0.021534038069794467 -0.0024838217351905454 0 0.018408090048447703 0.0024463472682295854
9.37875751503006 -0.0016884527761729634 -0.0017833975335023256 0.0002563996868009801 -0.004810572813814091 0.021588862260575763 -0.0046028029456612616 0 0.01830697152711574 0.00168976430391497
9.39879759519038 -0.0015901074316072303 -0.0016459178714441564 -0.0007060995724832211 -0.0046065213843226715 0.02261715781012459 -0.005198064079338875 0 0.01817692795785834 0.0009453373977584677
9.418837675350701 -0.002604824677657165 -0.002105461464565585 -0.0001617557045932538 -0.0028061780570481205 0.021487582363172598 -0.006450553034942001 0 0.018018752951834645 0.0002140831434064439
9.438877755511022 -0.0023160934320671776 -0.002232620971756052 9.8982125672316e-05 -0.002342341732272985 0.022656084508749143 -0.008259426744901039 0 0.017833271905105485 -0.0005030242917342298
9.458917835671341 -0.0032977934137305522 -0.001700708962871973 0.00036544764577514936 -0.0031117857056432176 0.023116250963709027 -0.01030986788414334 0 0.017621339973419425 -0.0012050539706783953
9.478957915831662 -0.0029360471108339785 -0.0020031360863082505 -0.0007555077241702822 -0.0034902396149086956 0.02186390029009368 -0.011044369003743951 0 0.017383840036898444 -0.0018911189020479184
9.498997995991983 -0.003435095138404207 -0.0022685991832687435 -0.001820463409980176 -0.004245907628286129 0.022206004387348363 -0.01124456923620261 0 0.017121680658262882 -0.0025603766668165517
9.519038076152304 -0.0026446314033973573 -0.0016303558053459425 -0.001978392367714699 -0.004525607666576421 0.02179744455461815 -0.012273336726775877 0 0.016835794038173136 -0.003212029957311348
9.539078156312625 -0.0024861584844788143 -0.000949868260284219 -0.0013154603472969738 -0.003978758618237154 0.022286971381615055 -0.012646193750865387 0 0.01652713397120027 -0.003845327029299895
9.559118236472946 -0.002625585189766551 -0.0016233947660076352 -0.0015194129864784611 -0.002587840871848684 0.021995550318497144 -0.013322928887933573 0 0.016196673805866507 -0.004459562068124327
9.579158316633267 -0.0023041683330061275 -0.0014627792595047684 -0.002480528820329217 -0.0011064374907919826 0.020376951979847388 -0.013534886900107587 0 0.015845404412121598 -0.005054075469968798
9.599198396793588 -0.0023773076171136388 -0.0011486760276135186 -0.002880593501194375 -0.00047207587549209735 0.019505492342181397 -0.014723485924803124 0 0.015474332159541639 -0.0056282540394690045
9.619238476953907 -0.0018851065113985746 -0.0012543500693228008 -0.001792319701763204 0.0002619421183506441 0.018428701818862074 -0.015009180349851192 0 0.015084476909453661 -0.006181531104989631
9.639278557114228 -0.0017370867059512485 -0.002025714337234132 -0.0024892973309605776 0.0006178240845762505 0.016775315343200908 -0.017008214002228624 0 0.014676870024101998 -0.006713386553008788
9.659318637274549 -0.0013325701439958293 -0.0021609218164326976 -0.001277004617149146 4.356384091894292e-05 0.016405240651913802 -0.01739788764793886 0 0.014252552395882455 -0.007223346783155553
9.67935871743487 -0.0016373950829131003 -0.0017939296372445391 -0.0006313447083731722 0.0010025223389024728 0.015969336246679386 -0.01827929423967066 0 0.013812572499575345 -0.007710984585551872
9.69939879759519 -0.0026679490819276775 -0.0012152323064442189 -0.00026762432709710016 -0.0011449368416788991 0.014422970019970748 -0.018660127643499985 0 0.01335798447041241 -0.00817591894220686
9.719438877755511 -0.002433970809169279 -1.3552776714708963e-05 0.000228443124363109 -0.0009236953368403642 0.013864942979871368 -0.018363720731815063 0 0.012889846210712179 -0.008617814754306162
9.739478957915832 -0.0033329780830214507 0.000505578958344785 -0.00017330682520600045 -0.0011591472680257263 0.01448044245766588 -0.01835297035651711 0 0.012409217527716029 -0.009036382497327458
9.759519038076151 -0.003062395466607214 0.0011488849345430362 0.0005020969900275718 -0.0012748020552350663 0.012333891846040054 -0.018402594496535 0 0.011917158305152222 -0.009431377805996689
9.779559118236472 -0.002760651756586775 0.0014809990582245807 0.0003537792431127409 -0.0017509743952014408 0.01155433783294217 -0.01920149013309466 0 0.011414726710947752 -0.009802600991178526
9.799599198396793 -0.0030258974201689964 0.0019520552786800578 0.0011724282051037498 -0.001477239796751686 0.009312019583969261 -0.019359193536837765 0 0.01090297744339976 -0.010149896490867234
9.819639278557114 -0.002405623278125738 0.0019191731497573135 0.0015253393148429767 -0.0026298757766727416 0.010019669341236501 -0.018960288457816235 0 0.01038296001800578 -0.010473152257513774
9.839679358717435 -0.002540102364726109 0.0026956020934323713 0.0015392111973724137 -0.004722497204152958 0.009031957233659344 -0.01861962610890979 0 0.009855717097041358 -0.010772299083986862
9.859719438877756 -0.001981969968163819 0.002558795698782187 0.0017891138623666264 -0.004548985071715922 0.007647893665176568 -0.01887458989419146 0 0.00932228286385899 -0.011047309870524625
9.879759519038076 -0.0009197914054102359 0.003048352079583997 0.0012774202071577073 -0.004202519050497629 0.006290038275012641 -0.017961451668069697 0 0.008783681443767863 -0.011298198835086122
9.899799599198396 -0.00010116142287399208 0.0030500844555961574 0.0014773419851529343 -0.004895351663874793 0.0054278208366098195 -0.018228255060463834 0 0.008240925373238341 -0.0115250206695599
9.919839679358716 0.00013021518207567362 0.00275397464947281 0.002071555761793769 -0.0044039792935117094 0.0037203274676389695 -0.016003133489832923 0 0.007695014119058545 -0.011727869644329576
9.939879759519037 0.0005333862855432972 0.0019260829646145338 0.0012817854132230995 -0.004783519681919799 0.003351748144515886 -0.015697409941881513 0 0.007146932648954669 -0.011906878663733713
9.959919839679358 0.0003844148659351174 0.0018168470623014495 0.0008259721311580191 -0.005022890973235493 0.0021326509700792247 -0.014912186080045515 0 0.006597650055068066 -0.012062218274990546
9.97995991983968 -0.0003591890764111192 0.0022869893807204856 0.000749491908270069 -0.005280836781294819 0.0031109587435637666 -0.01394498176051137 0 0.006048118231566907 -0.01219409563318507
10.0 0.0004315317719442759 0.002685192434201741 -0.000227160680378748 -0.005267508710635024 0.0015223287813374764 -0.011941035318077792 0 0.0054992706075523085 -0.012302753424939096
