t z_t_Re z_t_Im z_t_z_0_Re z_t_z_0_Im z_t_z_0_c_Re z_t_z_0_c_Im zeros alpha_Re alpha_Im
0.0 0.009706993163264954 0.002500802989070398 -0.0003561398116033343 0.00054319177490155 2.006214947328014 0.0 0 2.0 0.0
0.02004008016032064 0.007556041590693498 0.0026105210134367016 -0.000893798356488737 0.0021936619079330863 1.9828923267487568 -0.08032850473851806 0 1.9784697961924307 -0.07933987553930384
0.04008016032064128 0.010058256228161451 0.001310705628484039 -0.0009694346604079492 0.004967490418883104 1.9571732394119925 -0.1577325660384765 0 1.954023959297563 -0.15697154738817928
0.06012024048096192 0.009924026828625962 -0.0020790131061335163 0.00250773649062427 0.0022914399321696255 1.9298885258719545 -0.23087051712591886 0 1.926761640736793 -0.23279774155029392
0.08016032064128256 0.009398910524682641 -0.004451867749884628 0.003579189081716554 -0.0009713931290245363 1.904221531637682 -0.30285356477811953 0 1.8967847834097424 -0.3067261645245151
0.1002004008016032 0.006657173442923821 -0.005181853630509761 0.00029371584069670523 2.7641019372635078e-06 1.8742039889254245 -0.3750633002801618 0 1.8641978940677766 -0.3786695604271388
0.12024048096192384 0.009445125449555041 -0.006993571157670155 -0.0009927412663444481 0.002966062647814836 1.8416889513975407 -0.44468141487228324 0 1.8291078158719105 -0.4485457584692642
0.1402805611222445 0.011981926064695779 -0.006930098259359778 0.003471516836829935 0.0037072386434482576 1.804804403657245 -0.510759208384228 0 1.7916235015157231 -0.5162777109004548
0.16032064128256512 0.013957532190300758 -0.007070868973964899 0.0006983802355303049 0.004779410955891509 1.7632021664387718 -0.5752714062225324 0 1.7518557872854117 -0.5817935215437334
0.18036072144288576 0.013056878685288882 -0.009293644506190244 -0.0013897615744611987 0.0033348548792185868 1.722429762144746 -0.637137655809228 0 1.7099171684201224 -0.6450264650603701
0.2004008016032064 0.013210900462946009 -0.005987401804056545 -0.0009367163738407067 0.002415257043438546 1.6785740722950753 -0.7041556187124776 0 1.6659215761263257 -0.7059149970958429
0.22044088176352705 0.012890735114979422 -0.00881786474696058 -0.002914738902704131 0.005107453698368553 1.6317540151734609 -0.7596020614696519 0 1.619984156590156 -0.7644027554707481
0.24048096192384769 0.011052320143397897 -0.009539610626364058 -0.0037377462897825917 0.004620453195707214 1.5852140948235305 -0.8150457103659524 0 1.5722210523214712 -0.8204385525923252
0.2605210420841683 0.012173462385748889 -0.009306684649354465 2.590598376081096e-05 0.002341644575980989 1.5339054966713082 -0.8676539894042168 0 1.5227491861527944 -0.8739763592736046
0.280561122244489 0.00912067140614649 -0.007345903054251875 -0.0010733283259874767 0.0005817430889792078 1.481565230363943 -0.9161003111487379 0 1.4716860482054233 -0.924975280157995
0.3006012024048096 0.008300131502461287 -0.007435816740391623 -0.0015311120160438536 0.0006141945043679361 1.430270983513249 -0.9671195707349541 0 1.41914948612378 -0.9733995209573866
0.32064128256513025 0.005602604607342421 -0.009772816286007508 -0.00017530757364090188 -0.000191800188681285 1.3747970586829443 -1.011503689691963 0 1.365257498867565 -1.0192183477215488
0.3406813627254509 0.007775991545578924 -0.010599691213700248 0.0016998043011457705 8.998368434482385e-06 1.323962997399145 -1.0537933497358543 0 1.310128034339548 -1.0624060383657463
0.3607214428857715 0.004751125000550676 -0.009594215497472395 -0.0004019932674241661 -0.001952330801757162 1.2686380674183892 -1.09548866421436 0 1.2538787911148066 -1.1029418266920692
0.3807615230460922 0.0025613423779033465 -0.00842688868193704 0.0017086920606153935 -0.0022605735807086982 1.2119359600604744 -1.1334159491902636 0 1.1966270245250403 -1.1408098391479935
0.4008016032064128 0.0032314233636756826 -0.008961276567208685 0.002342790370546534 -0.0070453192545670024 1.1527600645567198 -1.167834452081851 0 1.1384893573391985 -1.1759990245731171
0.42084168336673344 0.0014730208625496825 -0.007850126157692535 0.0026245281199308774 -0.005776890219420701 1.0941020138707374 -1.2024063560831788 0 1.0795815952690806 -1.2085030771918932
0.4408817635270541 -0.001054479301367627 -0.004667477859281534 0.0020157648412759293 -0.0060309129661878244 1.0383443688568559 -1.2328220511669972 0 1.0200185475159231 -1.238320353116471
0.4609218436873747 -0.0023069065092757796 -0.006713730039065458 0.002338670162295659 -0.00683557270106014 0.9756554962870776 -1.255481544174287 0 0.95991385256114 -1.265453780629489
0.48096192384769537 -0.0031074242678841507 -0.008772765185126517 0.0027018180650000166 -0.003209365866084401 0.9147549834444324 -1.2814085949790797 0 0.8993798093915224 -1.2899107645218102
0.501002004008016 -0.003233608874734317 -0.008499855553329867 0.0015052713769105235 -0.005546944268076173 0.8519228968365151 -1.3061715823531892 0 0.8385272143362319 -1.3117030847647873
0.5210420841683366 -0.0030315896960270436 -0.01067496170005807 0.0026818845639884604 -0.005362991622470087 0.791137485753628 -1.3280114238989085 0 0.777465203679926 -1.3308467898006635
0.5410821643286573 -0.003096278609037148 -0.009783615214094786 0.0015605764610854317 -0.003480616273982495 0.730796371824107 -1.3482630132296995 0 0.7163011022033315 -1.347362084738187
0.561122244488978 -0.00753905892172199 -0.012037009604128181 -0.00195777403215965 -0.004425530813623396 0.6637316580549656 -1.359982733982598 0 0.655140277789567 -1.361273214743424
0.5811623246492986 -0.007488649967568023 -0.00994638444649479 -0.0005969685562696678 -0.0065769639164411885 0.604463376107717 -1.3704572572854947 0 0.5940860022215227 -1.3726083439181234
0.6012024048096192 -0.006312905082423817 -0.010621199355134106 -0.0022446129159315134 -0.008127798806057514 0.5410851536378446 -1.3806781353872328 0 0.5332393182826595 -1.3813994299598087
0.6212424849699398 -0.009221992435759623 -0.00962083397236119 -0.004567736013123645 -0.008530746312390014 0.47908257067419546 -1.3918863118608233 0 0.4726989132607036 -1.3876820948990658
0.6412825651302605 -0.008863199702859401 -0.008668753968093612 -0.0019513524898104745 -0.011681772714919077 0.4171277301967028 -1.3979280398792433 0 0.4125609989409376 -1.391495492210254
0.6613226452905812 -0.00724573159503644 -0.007920451017190203 -0.005632350716413971 -0.012266165843799649 0.36019860122810204 -1.3978203314680053 0 0.35291919816307926 -1.3928821705921262
0.6813627254509018 -0.008669905800703917 -0.006426531012852242 -0.005631931344812588 -0.010048357284697084 0.30116762929599483 -1.395221922097014 0 0.29386443800320433 -1.391887934714582
0.7014028056112224 -0.011627076595902336 -0.006192448561652968 -0.006104150245034276 -0.008303262712726274 0.23898693467944201 -1.3897924762579208 0 0.23548484962974486 -1.3885617032270319
0.721442885771543 -0.012728253239713569 -0.0026041080968717475 -0.0028967019482430438 -0.010886993876205836 0.1846675713055084 -1.385888334463 0 0.17786567487034496 -1.382955364322608
0.7414829659318637 -0.014049124742952088 -0.0007685981344707745 -0.004533424805465353 -0.009643569829308269 0.12480477266512331 -1.3781206644596213 0 0.12108917951429606 -1.3751236291507531
0.7615230460921844 -0.015371592511432844 -0.0020772813507981477 -0.008783979762120435 -0.010601708229570645 0.07377066452373938 -1.3703042082448278 0 0.06523457336339065 -1.3651238833685535
0.781563126252505 -0.01295373097714083 8.528519739764674e-05 -0.003767179887386423 -0.00837612190607595 0.022251321322235836 -1.3582280104465356 0 0.010377937032387695 -1.3530160371185562
0.8016032064128256 -0.013323174940357266 0.0027975678220828843 -0.004482957497519419 -0.010747368899720595 -0.030393016581856128 -1.3449791725911253 0 -0.043407844511150956 -1.3388623737177723
0.8216432865731462 -0.012913328300208643 0.0005012911837252 -0.0016825533359257918 -0.009402031997852769 -0.08543464955727838 -1.3298688303155701 0 -0.09605314168907732 -1.3227273973390854
0.8416833667334669 -0.013855986092669886 0.004307245641628011 -0.0013041684277075116 -0.0085945557545875 -0.14012029268933893 -1.31232652738755 0 -0.14749163336927093 -1.304677679962417
0.8617234468937875 -0.015377769030678159 0.002595753547648857 -0.0011268685813514954 -0.009747007864675212 -0.19125542786102195 -1.292394366399086 0 -0.19766035327965806 -1.284781707868725
0.8817635270541082 -0.015174788795589342 0.0032650874101242794 -0.00041302120533215966 -0.006887215730990078 -0.23828334498818277 -1.2692522021480144 0 -0.24649972983300394 -1.263109727945268
0.9018036072144289 -0.014430033370876262 0.005384486204689184 -0.001879689129780728 -0.004562214331090063 -0.2855819276484938 -1.2454401936723238 0 -0.29395361942592707 -1.239733594065564
0.9218436873747494 -0.014349868640472148 0.007047233883616479 -5.899663130958508e-05 -0.005896534506357243 -0.33040911432342485 -1.222819644600328 0 -0.33996933328534823 -1.2147266138021129
0.9418837675350701 -0.01162597425325315 0.009682283233069739 -0.001085250164433433 -0.006367943271098355 -0.3751961189516435 -1.2008618313891564 0 -0.3844976579450396 -1.1881633957242739
0.9619238476953907 -0.011299097413848552 0.009348527321007587 -0.0016745733133138106 -0.0048594577842755796 -0.41915382858347167 -1.1723689654068328 0 -0.427492869444055 -1.1601196975276986
0.9819639278557114 -0.011059337145915704 0.01098436325426154 -0.0018251140287702402 -0.0038173179178556645 -0.45808935920368504 -1.1441487834037543 0 -0.4689127413476197 -1.1306722752354095
1.002004008016032 -0.010030635653060106 0.011797837868470381 -0.0033976737099770363 -0.006058479446686617 -0.49751729279346313 -1.1119501950421649 0 -0.5087185466994888 -1.0998987337040593
1.0220440881763526 -0.0101141719013919 0.012396075760649642 -0.002202395386268443 -0.007681502967899353 -0.5348898463152792 -1.082393946356796 0 -0.5468750540228825 -1.067877378662055
1.0420841683366733 -0.008049094024702975 0.01028251101779315 -0.002284411366488784 -0.008052394486948236 -0.5684397183194115 -1.045074954308083 0 -0.5833505174948312 -1.0346870704991487
1.062124248496994 -0.0077582286968671445 0.00897071185225728 -0.002549298541289889 -0.006561138221633961 -0.6022194083209721 -1.016536046153028 0 -0.6181166614261385 -1.0004070800197826
1.0821643286573146 -0.010569828802840402 0.010244326938980563 -0.0017723177167160288 -0.006001134635994915 -0.6378724550873298 -0.978373690997009 0 -0.6511486591861632 -0.9651169463649422
1.1022044088176353 -0.010066636433945746 0.011054923559167784 -0.00380861681989251 -0.010558928330707242 -0.6649896735737657 -0.9425054761319114 0 -0.682425106718245 -0.9288963372995466
1.122244488977956 -0.010761239246576126 0.013186522526878852 -0.0020894804463175813 -0.00936957904823554 -0.6959862024036357 -0.9037904188631091 0 -0.7119279907978526 -0.8918249120545036
1.1422845691382766 -0.009744178353710848 0.01325583860159633 -0.0011686592232670343 -0.0081205627875105 -0.7238204693390347 -0.8648609647365939 0 -0.7396426521913845 -0.8539821869044789
1.1623246492985972 -0.008440415958215812 0.01329627151014438 -0.0015866510102503784 -0.005166314504862096 -0.7531152476306966 -0.8300545861346676 0 -0.7655577438790508 -0.815447403654223
1.1823647294589177 -0.007251362621878598 0.015015676671322883 0.0009830250564954626 -0.0004501522461422605 -0.7741469843213294 -0.7906946052163474 0 -0.7896651845103482 -0.7762994011979517
1.2024048096192383 -0.008131182963249557 0.013224634673501136 -6.991909188694433e-05 -0.0011558241233216408 -0.800102768036891 -0.751770764804006 0 -0.8119601072653643 -0.7366164903078225
1.222444889779559 -0.009590496864769569 0.012858198414014746 -0.0015960599514849515 0.0006029502436096907 -0.8207798910866692 -0.7156647479697961 0 -0.8324408042994554 -0.6964763317989937
1.2424849699398797 -0.010083663164304233 0.011414019293036365 -0.002835812910089189 -0.002748201639533398 -0.8388900283082733 -0.6770613955073829 0 -0.8511086669528048 -0.6559558182101249
1.2625250501002003 -0.008952611399213464 0.012417167528280919 -0.0017363889869036612 -0.0002293495106321022 -0.8521990578952741 -0.6360889193834077 0 -0.8679681219099002 -0.6151309591294833
1.282565130260521 -0.009123009376365706 0.011510175119598471 0.00022038947905981933 0.0011887799836259245 -0.8674234950068678 -0.5980647802377844 0 -0.8830265634971567 -0.5740767702880742
1.3026052104208417 -0.00919331222173331 0.013036488959220535 0.0007554917179882405 0.004778297013600074 -0.8792186875071261 -0.5570202524657263 0 -0.8962942823096917 -0.5328671665324457
1.3226452905811623 -0.009444052519616757 0.015103082419420134 0.001976363360610495 0.006443572221805303 -0.8921079201198051 -0.5141512899036542 0 -0.907784390360681 -0.4915748587810226
1.342685370741483 -0.009167574584343457 0.014020008118787147 -0.0010125363548546189 0.0037122513094399127 -0.8997473461352699 -0.47731243357829717 0 -0.9175127429487518 -0.45027125505903665
1.3627254509018036 -0.005548304273060515 0.014350191722588272 -0.0010043125022488563 0.003148545343608408 -0.9073923769612208 -0.4360101994010361 0 -0.9254978574405427 -0.40902636569834144
1.3827655310621243 -0.004381889023986846 0.016912738002970974 0.004486309401252645 0.001647860016264454 -0.9147435708207319 -0.39744630168470607 0 -0.9317608291668611 -0.36790871277965154
1.4028056112224447 -0.005259012848005017 0.018628297929375037 0.003373445504660104 0.0041622410774854735 -0.9184194180699381 -0.3546456126575504 0 -0.9363252446318062 -0.32698524388604006
1.4228456913827654 -0.007713907425323606 0.017030621189410917 0.0015778197804561282 0.002977466227637523 -0.9244740906349218 -0.3161634267581375 0 -0.9392170922348124 -0.2863212502278751
1.442885771543086 -0.007363616678648977 0.01874286998767606 0.0024505967942454005 0.005510754509077678 -0.9335505108695887 -0.27634688412578495 0 -0.9404646707057971 -0.2459802891908045
1.4629258517034067 -0.005210160153055658 0.020510547860495405 0.006862113988464113 0.004728488888489765 -0.9311572205171722 -0.2359179625253608 0 -0.9400984954535 -0.20602411134988782
1.4829659318637274 -0.00443208100939576 0.021768496388648403 0.010502146727644702 0.004225860925334923 -0.9302783673617796 -0.19748079313007988 0 -0.9381512030266465 -0.16651259198458584
1.503006012024048 -0.004984322857351248 0.022997662319356505 0.0076264015353866895 -0.00031477229105260606 -0.9286984867096328 -0.16016425207069107 0 -0.9346574538867983 -0.12750366712101727
1.5230460921843687 -0.006030259584971371 0.023645293928916226 0.00896901766292154 0.0009739613776575292 -0.922460593986735 -0.12384433381886636 0 -0.9296538336906682 -0.08905327411972264
1.5430861723446894 -0.0038602122479569506 0.025170748942826327 0.007943146531325945 0.00060594987121714 -0.9181453364738793 -0.08708316706351509 0 -0.9231787532782572 -0.05121529681913097
1.56312625250501 -0.0040299809658980775 0.02576554315105737 0.009497552999073487 -0.0009916949697871364 -0.911884414919845 -0.053530199546081875 0 -0.915272347561477 -0.014041515237027107
1.5831663326653307 -0.0024968198060812494 0.024144105145610724 0.010577420150369759 -0.0027487948686752976 -0.9039343955227808 -0.0130756273556435 0 -0.905976373505906 0.02241844017543009
1.6032064128256511 -0.0005498540235361368 0.025853216106658163 0.010563790860929297 -0.0036889791322736636 -0.8940596200352128 0.02377241463110726 0 -0.8953341073960418 0.05811712974017154
1.6232464929859718 0.002566552363673235 0.027161042718499194 0.012122897082557552 -0.001440207644391075 -0.884274918424569 0.057569312039756404 0 -0.883390241571846 0.09300934123961098
1.6432865731462925 0.0048694312781992835 0.027507590794192967 0.011358731181483369 -0.005165237310668463 -0.8714219096211606 0.09254267027369824 0 -0.8701907808215442 0.1270521221126356
1.6633266533066131 0.004618621248698905 0.026781961540581996 0.011578375936041227 -0.005446791081326811 -0.8527303336361532 0.1270468824647523 0 -0.8557829386125559 0.16020480719391653
1.6833667334669338 0.006039795906067998 0.02700486124784573 0.015497013881740193 -0.007448214338223888 -0.8393942165241112 0.16031937477458857 0 -0.8402150333390898 0.19242904203808783
1.7034068136272544 0.008276183285100583 0.02381262095500935 0.011719348348741521 -0.00793649882510769 -0.8282104163350665 0.19029321342021438 0 -0.8235363847613778 0.22368880187698784
1.723446893787575 0.005275460858333201 0.02488798612096934 0.013982054646942925 -0.006546232402594352 -0.8130084611038191 0.22218584391377144 0 -0.805797210807719 0.2539504062645746
1.7434869739478958 0.005579792496639615 0.02508158640242309 0.010283775290093002 -0.0035685403269543744 -0.7914489644894084 0.253213003462155 0 -0.7870485249064951 0.2831825294703303
1.7635270541082164 0.003034423512649201 0.022779970107705876 0.011515716527560563 -0.003070904177396359 -0.7743887098981667 0.2816042057826497 0 -0.7673420340111126 0.31135620668794767
1.783567134268537 0.006111820191871937 0.02229391396602722 0.013366523251165836 -0.004544018211513189 -0.7550451303343467 0.31104262022558216 0 -0.7467300374764198 0.33844483613183507
1.8036072144288577 0.008884452523980946 0.023597895105819583 0.0068386840105124766 -0.0051933808961087905 -0.7338309679793797 0.3377048500392823 0 -0.7252653269405591 0.3644241770994856
1.8236472945891782 0.010748038854841633 0.02272950914139062 0.006180499670796052 -0.0038179610488382476 -0.7125970384677157 0.3649132607542717 0 -0.7030010873614694 0.38927234408302475
1.8436873747494988 0.010932525201212285 0.020597423406467086 0.003183169035651333 -0.004905204846511788 -0.6905398215443451 0.3901147824509038 0 -0.6799907993523314 0.4129697970182729
1.8637274549098195 0.013383023364481881 0.020176998641923318 0.0037440078523179373 -0.00753086806426505 -0.6663468148147366 0.4123725869435005 0 -0.656288142955207 0.4354993277644289
1.8837675350701402 0.012348629598719501 0.020680643799247885 0.001373517890773441 -0.0074095519625639985 -0.6428677036143615 0.4367226966450613 0 -0.6319469029869085 0.45684604291200864
1.9038076152304608 0.014562268237428663 0.021822647029046818 0.0016426548349838875 -0.008887331036124841 -0.6180358276132387 0.4556556583333615 0 -0.6070208760858421 0.476997343020935
1.9238476953907815 0.012814930104262462 0.01869785744710112 0.004830914205484237 -0.009119637325580137 -0.5938530952161841 0.4761765679532454 0 -0.5815637795831236 0.49594289839468503
1.9438877755511021 0.012892788347433376 0.018098133779983903 0.0061888716712536545 -0.010910473177069419 -0.5684122079500582 0.49431022058624413 0 -0.555629162315743 0.513674621500154
1.9639278557114228 0.013163726183780953 0.016617931098199295 0.00396847219616241 -0.008990966159122881 -0.5487045365770762 0.5120491377582301 0 -0.5292703174939389 0.5301866361463862
1.9839679358717435 0.012588101247358872 0.01952525736046152 -0.0003084228721188151 -0.00834431254302316 -0.5180178907717429 0.52657930446558 0 -0.50254019772924 0.545475243538554
2.004008016032064 0.013721296394884201 0.01960446751899159 0.0015088864183194367 -0.011348615838391184 -0.49164725361842415 0.5410230228098286 0 -0.4754913323238767 0.5595388853265372
2.024048096192385 0.015655370136828585 0.021345430307747923 0.0018485860376383847 -0.013038403539509077 -0.46304703219799226 0.5544263078577828 0 -0.44817574691643935 0.5723781037701641
2.0440881763527052 0.016026502870113177 0.02079874317087127 0.0032796548539809844 -0.01320842355563116 -0.43186292271798593 0.5649607153875285 0 -0.42064488557280555 0.5839954991456255
2.064128256513026 0.01794543331284976 0.019853996772790893 0.0022959095153959946 -0.015997451653143827 -0.4079521714850108 0.5756561074810552 0 -0.39294953540544436 0.594395684519767
2.0841683366733466 0.018923305407889283 0.01936179377831392 0.003517602454614555 -0.019142201802836302 -0.3792524081961883 0.586501110942767 0 -0.3651397537983114 0.6035852380208894
2.1042084168336674 0.01990953650242071 0.019014734937168234 0.00014432226933178477 -0.019352580838012258 -0.35361782625151533 0.5947211637004829 0 -0.33726479830858014 0.6115726527363794
2.124248496993988 0.02088580967276635 0.0177223603162788 0.00022862062127802256 -0.016437144208454185 -0.3256686824570737 0.6040862155532716 0 -0.30937305931055603 0.6183682843688999
2.1442885771543083 0.021568181124969627 0.01796296022088508 0.0010133678889126412 -0.014033342485696178 -0.2998851999528341 0.6041717128363286 0 -0.2815119954411519 0.6239842967840569
2.164328657314629 0.026207063556209834 0.016294433771179426 -3.239704283364535e-05 -0.012402565746389175 -0.27462145818697503 0.6086785372385352 0 -0.2537280719004263 0.628434605583376
2.1843687374749496 0.026916178780341193 0.014400513849562589 0.0019222770669645617 -0.01266387904473964 -0.24486389974943365 0.6142220124290487 0 -0.22606670165477935 0.6317348198371099
2.2044088176352705 0.025827507379188087 0.014158468679719812 0.005574168872656833 -0.014462291741522353 -0.2192970812063226 0.6122788885783063 0 -0.19857218958455244 0.63390218211183
2.224448897795591 0.028584653129249557 0.013331220544376982 -0.0003582997733944847 -0.011704079039499408 -0.18935889904311154 0.618878741821394 0 -0.17128767961199448 0.6349555069279673
2.244488977955912 0.030889197940854075 0.009321879593941963 -0.0009511387349090391 -0.015066399741900239 -0.164014928296578 0.6173960812401655 0 -0.144255104839778 0.6349151177824345
2.2645290581162323 0.028021917175531555 0.008404549302009432 -0.0016903032306436186 -0.015732391358536223 -0.13713896736255346 0.6176350637422988 0 -0.11751514072459648 0.6338027828712016
2.284569138276553 0.02837165596068342 0.0069698794645597535 -0.003248008722976963 -0.01542127707600627 -0.10924312606587996 0.6151164522555264 0 -0.09110716130472551 0.6316416496462275
2.3046092184368736 0.02739384396302408 0.0036237600557167 -0.001152054932940769 -0.014287894915622336 -0.08480258214435313 0.6163957175731126 0 -0.06506919849492973 0.6284561783404393
2.3246492985971945 0.031513525074469355 0.003764126642173907 -0.0059907401366464125 -0.017690607860644813 -0.05411721080661564 0.6161895079098505 0 -0.039437904456615415 0.6242720745935564
2.344689378757515 0.030557530440583895 0.005103267851511548 -0.008158187885967123 -0.01759918659568265 -0.0304461501120397 0.6130573898421106 0 -0.014248517045810595 0.6191162213104291
2.3647294589178354 0.030750819041462513 0.005023586808629702 -0.006270634767599442 -0.01802550731674605 -0.007379256382745567 0.6069602643218242 0 0.010465171663731893 0.6130166098822536
2.3847695390781563 0.03198760165267061 0.0035731193318565687 -0.010523006126324475 -0.018385969310598375 0.015670307057923785 0.6015661805040341 0 0.034670843790123494 0.6060022708995094
2.4048096192384767 0.031239185913424946 0.004747364850079247 -0.011122306833625315 -0.0168964305271797 0.039367000884745915 0.5973979253858535 0 0.05833768099848366 0.5981032044837757
2.4248496993987976 0.029263218845821237 0.004395789985672727 -0.012448327138258435 -0.014912630287924288 0.06573268640626798 0.591471205377939 0 0.08143638681940556 0.589350310363692
2.444889779559118 0.02937899208052505 0.0025872133625382595 -0.011687674987631328 -0.0126934004054982 0.09339136533125698 0.5793229330496239 0 0.10393920595327112 0.5797753178182887
2.464929859719439 0.028242838466430362 0.0021565090977999327 -0.011834259542284249 -0.01219709526266949 0.11325350859908699 0.569044258730984 0 0.1258199405876176 0.5694107156086822
2.4849699398797593 0.029331526723581188 0.0016709483096432373 -0.010383531556789146 -0.01365708260258745 0.13519941671211233 0.5562150075374882 0 0.147053963759233 0.5582896820167559
2.50501002004008 0.028936465884022107 -0.00216968272912293 -0.013032678919221692 -0.010562634790435376 0.15548624388028906 0.5483569096606103 0 0.1676182297970531 0.5464460151069044
2.5250501002004007 0.030262449514380958 -0.00361240172939103 -0.010882338860031282 -0.011057244524822929 0.17265807589523272 0.5347050138137214 0 0.1874912818861208 0.5339140633242534
2.5450901803607215 0.0296436197397508 -0.0059134260824462714 -0.012480657496963681 -0.009000713933430342 0.19151088545739428 0.5217587853140935 0 0.2066532567969608 0.5207286565399291
2.565130260521042 0.02656545847841533 -0.0070031082166175755 -0.015311852106774835 -0.009307852660270068 0.20865558869651815 0.5089813763964295 0 0.22508588682860578 0.5069250376510247
2.5851703406813624 0.029284671532819405 -0.00812776349362765 -0.017358249615617657 -0.01126580702102783 0.22597758635199816 0.49165743737801015 0 0.24277249901728656 0.492538794839814
2.6052104208416833 0.028301475397323424 -0.00999088618884549 -0.01674855009668841 -0.008512528204570557 0.243061958910284 0.47542182927016174 0 0.25969801166636397 0.4776057945935973
2.6252505010020037 0.02690152027386968 -0.008309277662086705 -0.01752625454007756 -0.0077852873878353525 0.2591370208972915 0.46378407977720865 0 0.27584892825651836 0.4621621155832524
2.6452905811623246 0.026098862889377558 -0.009964714134652657 -0.01781537902926236 -0.007055688007533946 0.2723214303439665 0.449181436954693 0 0.2912133287984656 0.4462439834951685
2.665330661322645 0.02375270065239233 -0.010174178944861896 -0.02204586085880301 -0.005278844255731887 0.28670244623417335 0.4264567217446195 0 0.30578085869354454 0.42988770690776407
2.685370741482966 0.02346418740944994 -0.010049904544419752 -0.02423857533742201 -0.000614284587894891 0.30104630282016537 0.4107840658727736 0 0.3195427151704513 0.4131296143001938
2.7054108216432864 0.024202145421737365 -0.012995607136531903 -0.023749177956167388 -0.0012273594336095347 0.31140518492140556 0.3999984155422655 0 0.33249163136911813 0.39600599227722366
2.7254509018036073 0.020802108295690618 -0.014485609856414176 -0.02188525022172274 0.0012436499800001694 0.32229260374681884 0.3806713492198169 0 0.34462185814532087 0.3785530250905068
2.7454909819639277 0.022085439312782763 -0.015845539995493207 -0.025168540716182727 -0.0011824688543205562 0.3344680689231467 0.36772739455791653 0 0.3559291436719686 0.36080673553273507
2.7655310621242486 0.02082673010139314 -0.018587058794739313 -0.023464949738828046 0.0006929616087340709 0.34455778154335226 0.3481991003013104 0 0.3664107109152681 0.3428029272772806
2.785571142284569 0.02209514347722087 -0.019256002435137403 -0.022863740396011356 -0.0013687299189041858 0.35778092738786543 0.33016519888075424 0 0.37606523306597117 0.3245771287320825
2.8056112224448895 0.019299946971968122 -0.021214846111014648 -0.02595533251675487 -0.002029242236817853 0.3674505542249338 0.3154082917220349 0 0.3848928070077994 0.3061645384725873
2.8256513026052104 0.020531368656831375 -0.020887147891843302 -0.02405517575843148 -0.0026566644517294056 0.3753605802632203 0.2932892535136036 0 0.39289492490680855 0.2875999723146184
2.845691382765531 0.02032406895467259 -0.0238333560378559 -0.024707058462364217 0.00032707994553850527 0.3836740817229363 0.2729388439417086 0 0.40007444400698133 0.2689178120840609
2.8657314629258517 0.01913761123771231 -0.021765293963257066 -0.0203757957167988 0.0003251655756352174 0.38992781033997614 0.2557250337570565 0 0.40643555471867193 0.2501519561362479
2.885771543086172 0.01929251497315261 -0.020235854015872197 -0.019917702162696827 -0.0004273146222906274 0.39641533803421536 0.2379984279008672 0 0.41198374708768576 0.23133577167394667
2.905811623246493 0.018657660060675783 -0.020770692691649946 -0.019272005302185247 0.0014035523635553284 0.39949042786086836 0.21845388024784704 0 0.4167257757337837 0.21250204890880925
2.9258517034068134 0.01812827016044628 -0.022217824099432334 -0.018771902393798997 -0.00010600062770942502 0.40039151229472464 0.20215856489707537 0 0.42066962334821173 0.1936829571071739
2.9458917835671343 0.016101969275938533 -0.022213792894047228 -0.018740966656058837 -0.0018297276078844359 0.40412256597354723 0.18724201501006724 0 0.42382446284052533 0.17491000255708214
2.9659318637274548 0.014072950494476849 -0.019830674887248843 -0.01450023691172878 -0.00187129604722271 0.4075288777047801 0.16947952007300227 0 0.42620061822545935 0.1562139884894243
2.9859719438877756 0.014993167336714772 -0.01920507111045742 -0.012669720909980864 0.0014376108668775498 0.4095090377496837 0.15180492961536599 0 0.42780952434093084 0.13762497698214765
3.006012024048096 0.013134420414821475 -0.0224029032252127 -0.011248308009077692 -0.002139000476607461 0.407774552223501 0.13190794176480936 0 0.42866368548842265 0.11917225287255986
3.0260521042084165 0.009737004262743099 -0.023547729698067187 -0.008041963423891544 -0.004386792994588936 0.41148111372215146 0.11062773449744719 0 0.4287766330870116 0.100884289698848
3.0460921843687374 0.009103383726468937 -0.024543243912624076 -0.008890781895773288 -0.0012479065215993588 0.4129363507486582 0.09483868467250547 0 0.428162882432157 0.08278871768810611
3.066132264529058 0.006396697455897256 -0.023593382004325286 -0.010847488128748053 -0.0018638617672176194 0.40990053702583157 0.07808880661222295 0 0.42683788865007316 0.0649122938043517
3.0861723446893787 0.006104948317419738 -0.024300896751449426 -0.014201815261837437 -0.0012820590478300944 0.40805772756736347 0.06243141164745422 0 0.4248180019380628 0.047280873866261224
3.106212424849699 0.005994733230833208 -0.02432330431805098 -0.009799456696571472 0.0001084940191115317 0.4082324428403003 0.04314477091904876 0 0.4221204221806067 0.029919386740680287
3.12625250501002 0.005564908182405967 -0.02516799810898229 -0.01043850445831719 -0.0016069511793580518 0.40818938926378123 0.02967767845086606 0 0.41876315303027273 0.01285181061431405
3.1462925851703405 0.003802699038361641 -0.023348488731645526 -0.006909176413733657 -0.0005039192841139172 0.40478803874853675 0.009695481293117548 0 0.41476495554164894 -0.00389884865753116
3.1663326653306614 0.0024160533994655557 -0.022951951885222283 -0.008692418605628704 0.0008012060538645729 0.4021687927976588 -0.00697748527673414 0 0.4101453014455067 -0.020310577129795258
3.186372745490982 -0.0006440223228286347 -0.023702747919802786 -0.006546951891189545 0.002307061228047969 0.39735344129419026 -0.021608344147244423 0 0.40492432614928275 -0.036362370282126556
3.2064128256513023 -0.0027511181243770996 -0.021971632572833414 -0.00460309805248609 0.0027117889149621353 0.3936656195709686 -0.03536109646678233 0 0.39912278154871544 -0.05203424848033644
3.226452905811623 -0.004790443233410838 -0.023483483871340267 -0.003120985582667635 0.0010219441004835554 0.38919194109527216 -0.05054693505660303 0 0.3927619887341159 -0.06730727039944687
3.2464929859719436 -0.005493522786240358 -0.021901407836245772 -0.005532565468117228 0.00032639761232073125 0.38635318875522145 -0.06812171537415541 0 0.3858637906732689 -0.08216354442609818
3.2665330661322645 -0.005768024938030184 -0.02077536260244494 -0.002915251941513477 0.0011106554642350875 0.3765466473535833 -0.0826414641448687 0 0.3784505049513731 -0.09658623806114586
3.286573146292585 -0.004960017257734552 -0.018154973157764206 -0.005473249993238602 -0.00047832850245585007 0.3710077663874071 -0.09743151020748005 0 0.3705448766467424 -0.11055958534622858
3.306613226452906 -0.007467323133950749 -0.01842850276124517 -0.00799865057543422 0.0009065817264965304 0.3660301578804527 -0.11553582324443883 0 0.3621700314191914 -0.12406889234097604
3.3266533066132262 -0.007823507836014331 -0.015794944002932843 -0.003303250742862187 0.003020279452942695 0.3536473406339085 -0.1254627381701603 0 0.35334942888615084 -0.1371005406802678
3.346693386773547 -0.008628624445799309 -0.01625122924583111 -0.004154599799262057 0.0031068114154333124 0.3453363908476096 -0.13804506920841433 0 0.34410681635957535 -0.14964198924363656
3.3667334669338675 -0.009863662539297992 -0.015200682369876336 -0.003531987261251078 0.0075681798572858885 0.33534520013146124 -0.1515965382358177 0 0.3344661830146557 -0.16168177397144104
3.3867735470941884 -0.010183113983395244 -0.012088840439882278 -0.002593128478191046 0.0079736389031817 0.32708762541844666 -0.1646056209151641 0 0.32445171455919897 -0.17320950586489833
3.406813627254509 -0.00986515781897915 -0.009976436376227424 -0.0021340856964469036 0.00975663242081232 0.31336789634026657 -0.17965454853096463 0 0.31408774847033893 -0.1842158672093787
3.4268537074148293 -0.009277641305665905 -0.012348232551490989 -0.0018393256002552268 0.008064966212243736 0.30240132211729637 -0.18823070292244762 0 0.3033987298629471 -0.194692606062604
3.44689378757515 -0.010707183094465628 -0.013397862987542824 -0.0024832377814851835 0.006402796096298661 0.2923325356360831 -0.19882901558704974 0 0.2924091680517785 -0.20463252905148133
3.4669338677354706 -0.009969974978865577 -0.00978260732916696 -0.004345114084414998 0.010676403724476589 0.28397106929789795 -0.20422548414031624 0 0.2811435938669817 -0.2140294925233026
3.4869739478957915 -0.011342866326872687 -0.008523147861329254 -0.006256251400348912 0.012811071360524673 0.2711457399366289 -0.21618785395339143 0 0.26962651778013763 -0.22287839209891347
3.507014028056112 -0.011283944792282376 -0.00837852730244902 -0.007615774181884767 0.011846304185970262 0.26083451724692147 -0.2248415665414837 0 0.25788238889550796 -0.23117515067720296
3.527054108216433 -0.011923196282587445 -0.00796481379706772 -0.008714860222675943 0.013016526538713848 0.24918455399778078 -0.23549560052383778 0 0.2459355548586017 -0.2389167049419141
3.5470941883767533 -0.012737415431977402 -0.008961592957018628 -0.006281881657122982 0.012539268551283794 0.24218984787246195 -0.24111953047719714 0 0.2338102227316091 -0.24610099042328343
3.567134268537074 -0.013219371738356824 -0.008088359237308105 -0.008574990063762066 0.017110899864072174 0.2303193647171144 -0.2480203456302291 0 0.22153042088261526 -0.25272692516842593
3.5871743486973946 -0.013533683614421943 -0.008829595352786164 -0.006952617682234588 0.016514206078677377 0.2169749594123896 -0.25326638035743027 0 0.2091199619328788 -0.25879439207565574
3.6072144288577155 -0.013208670087752918 -0.00560259250259729 -0.00832839575706719 0.01650865386776034 0.20652123328678004 -0.2592700902305223 0 0.19660240680377944 -0.26430421994910264
3.627254509018036 -0.012309119936862355 -0.006803413071813286 -0.008282331402271487 0.017838183140941356 0.19047281274513023 -0.2639239415938894 0 0.18400102990237027 -0.26925816333101993
3.6472945891783564 -0.01240160377472241 -0.00774642168007847 -0.009046709406474163 0.016393296098486814 0.18213965881902083 -0.2700186862150892 0 0.1713387854817577 -0.27365888117011444
3.6673346693386772 -0.012907618391586249 -0.008014870109021794 -0.007444096101473291 0.013995876538115017 0.16840411856328394 -0.27306293406564214 0 0.15863827520984475 -0.2775099143850316
3.6873747494989977 -0.013511261794821483 -0.006344526728863236 -0.010149938380187882 0.0118451612990882 0.15718798307862633 -0.2765752244596291 0 0.1459217169772546 -0.2808156623828255
3.7074148296593186 -0.01350431552144963 -0.008889342511761926 -0.008926094128524076 0.011621690289526903 0.14648808051283826 -0.28129752954006165 0 0.1332109149725488 -0.28358135859282413
3.727454909819639 -0.013049282934497817 -0.008716271289023352 -0.007668277636530941 0.012712804796782672 0.13176674572784813 -0.2803931381848196 0 0.12052723105016239 -0.2858130450767581
3.74749498997996 -0.014857088639033036 -0.006597591857674423 -0.006821065674095927 0.015815281539359065 0.12042220446590474 -0.28344921928180256 0 0.10789155741377651 -0.2875175462763842
3.7675350701402803 -0.015115465965697183 -0.005238839192827446 -0.008874067302943617 0.018334294087844146 0.10876501686428423 -0.28076050188146645 0 0.09532429063519213 -0.2887024419600681
3.787575150300601 -0.016155249521161624 -0.0026914628026195255 -0.012258484378628101 0.016010779628668523 0.09223771152547107 -0.28247471125260737 0 0.0828453070260957 -0.2893760394299308
3.8076152304609217 -0.016965851308854977 -0.0023232049188998934 -0.011736490037501615 0.019142956922464816 0.07963493190049796 -0.2862453432931153 0 0.07047393937749588 -0.2895473450511869
3.8276553106212425 -0.02099438550836529 -0.0037179764615839716 -0.00861205164524811 0.017611257532472217 0.06596072542047496 -0.2834519045698476 0 0.05822895507898732 -0.289226035165228
3.847695390781563 -0.02176591948470702 -0.0005034429411510976 -0.008390025931460902 0.01858603930674914 0.05765515009204762 -0.2872145582420552 0 0.0461285356274435 -0.28842242644782207
3.8677354709418834 -0.02330679590680681 0.0015614381015026395 -0.0064914753176082045 0.014938279223556361 0.044411003185261554 -0.28639567693373963 0 0.034190257532184715 -0.2871474457735203
3.8877755511022043 -0.022641078593060443 0.005046030703581891 -0.00721171711573116 0.016033114988258865 0.03383596016135418 -0.2819522147882377 0 0.022431074621183916 -0.28541259964698695
3.9078156312625247 -0.02200643565896257 0.003393099850019225 -0.006833792624316345 0.014987249446161335 0.019564851727578266 -0.2780790764008441 0 0.010867301750405038 -0.28322994326149187
3.9278557114228456 -0.021872493301838724 0.005156319407472699 -0.0071493001999425815 0.014191326688567223 0.007447017654042967 -0.27408166592463273 0 -0.0004854000840428117 -0.2806120492442413
3.947895791583166 -0.019112368338965752 0.005315671919795768 -0.010583786816596141 0.010862434209318955 -0.005211092384202261 -0.27302923927625833 0 -0.011612037233607425 -0.27757197614756984
3.967935871743487 -0.020791539288809127 0.006859908367184544 -0.012421633429835512 0.012426512042700203 -0.016805769501166322 -0.27164445710095714 0 -0.022498295489850637 -0.2741232367442703
3.9879759519038074 -0.021367753197954927 0.007969398328100332 -0.012912669633091418 0.012276611896704679 -0.029908990613814274 -0.2712938836571059 0 -0.03313055078910159 -0.2702797661845174
4.008016032064128 -0.02265377570883378 0.0065574521579362475 -0.01009174396470041 0.011597478464806413 -0.03916519483055099 -0.2683734318202071 0 -0.04349587853866418 -0.266055890070932
4.028056112224449 -0.02227188869047393 0.009367760329875676 -0.009323752192300692 0.012766071833445638 -0.051772088496438384 -0.26082220275789914 0 -0.05358206157616416 -0.2614662925073511
4.04809619238477 -0.02046537967009515 0.006956468519243868 -0.010833378480103932 0.01408037512440573 -0.056825534550650175 -0.25613480346087864 0 -0.06337759677571021 -0.2565259841758085
4.06813627254509 -0.022529351208396997 0.008162258046232943 -0.011121178041290657 0.014911976413941617 -0.06823334887644081 -0.2525339280481194 0 -0.07287170031655547 -0.25125027049510495
4.0881763527054105 -0.022436145823405942 0.008605970207308097 -0.007725146977958065 0.017774285071375334 -0.08078830168870399 -0.24639667028671625 0 -0.08205431163189483 -0.24565471991314516
4.108216432865731 -0.024192110313509634 0.010315828282772386 -0.008399433450353369 0.019545448964589377 -0.08835529943198968 -0.23765206975678863 0 -0.09091609605730841 -0.23975513238396545
4.128256513026052 -0.022681073445254694 0.008277749799520586 -0.0099355454879091 0.021325880019713077 -0.09628105169303294 -0.22951437333661973 0 -0.09944844620018388 -0.2335675080790435
4.148296593186372 -0.022929642450821835 0.010715108799765019 -0.009819012972748212 0.02370984459382214 -0.09821805066292423 -0.21812315469961288 0 -0.10764348205317392 -0.22710801638110986
4.168336673346693 -0.023203710982640527 0.01110234471425945 -0.007279968362545143 0.02512732130617347 -0.10839280240185277 -0.21041877488552646 0 -0.1154940498764211 -0.22039296520724272
4.188376753507014 -0.02234346081815959 0.014180472069952368 -0.005221671012717253 0.02285650500728357 -0.11257962899146037 -0.204190254287211 0 -0.12299371987486112 -0.2134387707065467
4.208416833667335 -0.019063117353838453 0.014262982668763628 -0.0066961827441275774 0.024573027488500418 -0.11938604760912283 -0.1966891897600816 0 -0.13013678269844245 -0.20626192737617835
4.228456913827655 -0.018133500719565716 0.014515727088063543 -0.008944421617955224 0.020809656348686784 -0.12653879619677363 -0.19232579104857764 0 -0.13691824479452433 -0.1988789786379131
4.248496993987976 -0.016828073538743566 0.014011276154752252 -0.007396311674647076 0.021955317277571225 -0.131751589358734 -0.18764918753742296 0 -0.14333382264308195 -0.1913064879158265
4.268537074148297 -0.015509306218327894 0.014165361489613384 -0.0006186060349166396 0.023214131049146918 -0.13933907057191686 -0.17751146432680084 0 -0.14937993590662174 -0.18356101025402
4.288577154308617 -0.013839104552699443 0.014801489059044907 -0.000588444016032631 0.022071349486897682 -0.14821375439966727 -0.1673218816949711 0 -0.15505369952791737 -0.17565906451162377
4.3086172344689375 -0.012971362699878003 0.013703460815099953 0.000356869846084481 0.018559144125280053 -0.15289767615703467 -0.16254671489280131 0 -0.16035291480979197 -0.16761710617060577
4.328657314629258 -0.011986958778213003 0.013678310183702578 0.003208202111719138 0.020013701651493732 -0.15673377234262534 -0.15431516171187246 0 -0.16527605951221278 -0.15945150079017487
4.348697394789579 -0.011257532352082546 0.014062933851049448 0.0018820877199537884 0.017884060565156762 -0.16356407639593223 -0.14863337158060091 0 -0.16982227700293173 -0.15117849813979437
4.368737474949899 -0.01191314024809404 0.012975985185771925 0.002941000083590721 0.017996245293733944 -0.16682633519966802 -0.13972836808044053 0 -0.1739913644987774 -0.14281420704105174
4.38877755511022 -0.013433312744378827 0.012641158859372602 -0.0006262636190007751 0.015435547280018927 -0.16690053713568787 -0.1313525799612318 0 -0.17778376043551025 -0.13437457094682317
4.408817635270541 -0.013459331136060158 0.012128435674209615 -0.003152574425976917 0.017522241918305762 -0.17116417339074766 -0.12596239361799877 0 -0.18120053100486813 -0.12587534428437178
4.428857715430862 -0.01182771394307219 0.013949931367103341 -0.0006612173145975885 0.01688943840156196 -0.17015482037745794 -0.11951722057366508 0 -0.18424335589807542 -0.11733206958718544
4.448897795591182 -0.01286627423872178 0.01456793437174394 0.0002877039042440201 0.015062317298302217 -0.1678843001766702 -0.11378377126090719 0 -0.18691451329564537 -0.10876005543854922
4.468937875751503 -0.013114690860911077 0.01425599332957603 -0.0003682253291331863 0.01638545317268385 -0.17214075174522644 -0.10562185581849365 0 -0.18921686414379263 -0.10017435524800886
4.488977955911824 -0.01207911290812907 0.013895501595121528 -0.0025901913406599746 0.019842529379717623 -0.1729084965055757 -0.09774715954099465 0 -0.19115383575817363 -0.09158974688006506
4.509018036072144 -0.010871975888578344 0.014354332402136075 0.0007059223132577066 0.019955886620913073 -0.17457110781670931 -0.0905830251061299 0 -0.1927294047960079 -0.08302071315260258
4.529058116232465 -0.00889319533242994 0.014809748686083476 0.005995337654209819 0.01806900375298333 -0.17236226291001086 -0.08106729277280983 0 -0.193948079637879 -0.07448142322075015
4.5490981963927855 -0.007574941384834731 0.016011670995539323 0.004231627266649423 0.01822086714783585 -0.17390795243658855 -0.07304500679610411 0 -0.19481488222069615 -0.0659857148600616
4.569138276553106 -0.0059393545748826545 0.016457215745114905 0.0028712664625877115 0.02031046219529891 -0.17324795413476976 -0.06096840105693435 0 -0.1953353293634012 -0.05754707766110178
4.589178356713426 -0.006758997156304477 0.016135349278509955 0.007013358506866976 0.016030401654778433 -0.17527890070702376 -0.0526963426211443 0 -0.19551541362703606 -0.04917863714575468
4.609218436873747 -0.005610140537281841 0.019140514487984667 0.008219495163457801 0.012120389479397482 -0.17610517019310146 -0.044153256858519056 0 -0.19536158375074877 -0.04089313981379901
4.629258517034068 -0.005327341773379942 0.017683156249214557 0.012040695287393937 0.01407771129755333 -0.17920641913011381 -0.03986568965751123 0 -0.1948807247052063 -0.03270293912656481
4.649298597194389 -0.006606985868162702 0.019324763090362664 0.009906801118873454 0.012674595443893318 -0.1772546312044769 -0.03284569336345966 0 -0.19408013740470687 -0.024619982432753772
4.669338677354709 -0.00354574857961406 0.02102913495652775 0.013667354093828249 0.012045506829732612 -0.17678885015565687 -0.028048270255789074 0 -0.19296751811904195 -0.016655798839825823
4.68937875751503 -0.004111323871577107 0.020470807851082417 0.014497389423876192 0.011322449948789885 -0.17997684420576118 -0.02164838458218905 0 -0.1915509376258498 -0.008821488032679495
4.709418837675351 -0.006472570647693975 0.021250404801786717 0.009922669402057315 0.006410381247856026 -0.17655082869002667 -0.015153849798680896 0 -0.1898388201438341 -0.0011277100397286538
4.729458917835671 -0.002843553335007566 0.021552706453866987 0.011067331682546961 0.008976118502897236 -0.1763189255548204 -0.007253090361613338 0 -0.1878399220867898 0.0064153240551367485
4.749498997995992 -0.001872516076460592 0.02098373846663503 0.011447462653349073 0.007415599253188953 -0.17488314482089543 -0.0008387655250500592 0 -0.18556331067788706 0.013797860457776704
4.7695390781563125 -0.003430969027793114 0.021204972401777603 0.009076284553360613 0.008077897514189447 -0.17143424291913514 0.008941147286426138 0 -0.18301834246312157 0.021010610070816987
4.789579158316633 -0.0026644105023791247 0.02441687105418396 0.008962056339573657 0.012642881173155675 -0.16973499932202887 0.019031640910630702 0 -0.18021464176223254 0.028044754968560917
4.809619238476953 -0.0007768218995167983 0.02269796898109929 0.012152944357534577 0.012794296559563295 -0.1713007165786799 0.023971456906738527 0 -0.17716207909474024 0.03489195394734536
4.829659318637274 -0.001637624777268594 0.024342985287085346 0.012951089594376889 0.013171992036492384 -0.16662964468989522 0.03090967748763408 0 -0.1738707496180462 0.041544347160310593
4.849699398797595 0.002668333740448813 0.024841331295768994 0.013959989575617738 0.012957468990553198 -0.16752645415842723 0.039644386662188724 0 -0.1703509516137901 0.047994559846914336
4.869739478957916 0.0006166068618572861 0.025506767408224138 0.01795412091232367 0.012151758088744321 -0.1646539191410821 0.047120083363786903 0 -0.16661316505785198 0.054235705168855126
4.889779559118236 2.0969570923814573e-06 0.0255336717721107 0.01939096110867544 0.010938243231765314 -0.160556145537687 0.05229178509821067 0 -0.1626680303085506 0.060261386165338326
4.909819639278557 0.0016142974480153798 0.02576613849058781 0.01811603224658415 0.005815204456958017 -0.1570995743613722 0.05786248133300464 0 -0.15852632694669913 0.06606569684185726
4.929859719438878 0.001864915162395855 0.025623049747355863 0.02014761176795887 0.006793278042383068 -0.15431537979330098 0.06290476209040533 0 -0.15419895280026 0.07164322240783723
4.949899799599198 0.0022706763349177026 0.027427594327677447 0.02100276142320333 0.003339154367823743 -0.15637889139534006 0.0656970507060493 0 -0.14969690318537224 0.07698903867963301
4.969939879759519 0.0008582173994964201 0.02689927964785359 0.01789724262868695 0.004941232801355747 -0.15016621384102155 0.07199793170199024 0 -0.1450312503945343 0.08209871066644572
4.98997995991984 -0.0007644051088670349 0.02700638208567249 0.019670128657825563 0.00325159492088101 -0.14936837684256585 0.07650631837972567 0 -0.1402131234616972 0.08696829035775815
5.01002004008016 -0.0015836258537268257 0.024619997843111613 0.018442907134566047 -0.00043686874468159664 -0.14466680486694825 0.0838749930686657 0 -0.13525368823295875 0.09159431373187304
5.03006012024048 -0.00016648131003019437 0.025148446241647353 0.015721635243659868 -0.0031978000749474907 -0.136300072205642 0.08869913449333634 0 -0.130164127770471 0.09597379700605943
5.050100200400801 6.590369917995968e-05 0.025133002097039028 0.01620924209786651 -0.004975011501847368 -0.13425578305718952 0.09132551135904299 0 -0.124955623116057 0.10010423214969172
5.070140280561122 0.002938276349743435 0.02189023456123802 0.015776965859060615 -0.00015976466132413823 -0.13056472905893485 0.09796079578955334 0 -0.1196393344399046 0.10398358168258227
5.090180360721443 0.003231286543952402 0.019677084996519094 0.015522042167030558 -0.0029484218055568757 -0.1257463291565123 0.10585330677217351 0 -0.11422638259854444 0.1076102727814824
5.110220440881763 0.004262334433229426 0.01772706116295508 0.015366347287529121 -0.006498157356459665 -0.12077367176347828 0.10380370303056209 0 -0.1087278311251539 0.11098319071843225
5.130260521042084 0.0022027508792879674 0.016688062958652272 0.008814565123363871 -0.0033883169098754802 -0.11597232382022515 0.11239626611431912 0 -0.10315466867403644 0.11410167165530528
5.150300601202405 0.0017553817102789063 0.01513065227538721 0.0102876724517696 -0.006404923225859352 -0.11075348190802933 0.11339022510646335 0 -0.09751779193993003 0.11696549481949188
5.170340681362725 0.0025078673430954834 0.014644603348769996 0.011251862062023471 -0.004125843235737242 -0.10694303216564117 0.11665657883802621 0 -0.091827989071579 0.11957487408622428
5.190380761523046 0.0035645872094840388 0.015678225040317507 0.01594625794544512 -0.0016729668319833146 -0.10145615800212113 0.12042039955688402 0 -0.08609592359778928 0.12193044899353568
5.210420841683367 0.0027777142906895294 0.01611323873509889 0.01416125753010716 -0.004275402558942451 -0.09138728594721277 0.12164285426575602 0 -0.08033211888295927 0.12403327521629107
5.2304609218436875 0.003301023820731667 0.018510572482416162 0.017391635869283002 -0.0024827816744772795 -0.08566858940023232 0.12403359962276536 0 -0.07454694312784081 0.12588481452611883
5.2505010020040075 0.0035649102758933864 0.01985004247187649 0.019242523197587118 -0.0006568603270476816 -0.08404876815295224 0.12365242563378777 0 -0.06875059493005885 0.12748692426440528
5.270541082164328 0.0032897153555886426 0.018028575431880474 0.01975816345944473 -0.0022617544105696156 -0.07499563114590527 0.12695583601378485 0 -0.06295308941767759 0.12884184635580087
5.290581162324649 0.0010704945324620894 0.018279183799357585 0.020846392747495036 -0.003303376718092562 -0.07077960691442577 0.1303766272568886 0 -0.05716424496787647 0.12995219588991552
5.31062124248497 0.0019465038208269438 0.018591682062647334 0.019442170379206244 -0.0022066388146960267 -0.06604610120360002 0.1281507301882071 0 -0.05139367052156174 0.13082094929906482
5.33066132264529 0.0030391829126174175 0.016668421934844677 0.017951909472882676 -0.005040722510620747 -0.0537253325348656 0.13055219348350622 0 -0.04565075350352708 0.13145143216005487
5.350701402805611 0.0044720683202302625 0.014021927001395882 0.015438043086956626 -0.005378839673118683 -0.051401347196373195 0.12761517990383733 0 -0.03994464835655599 0.1318473066480761
5.370741482965932 0.004998477284236149 0.013018830686988067 0.017732869000980908 -0.00755762313603903 -0.046787595665035195 0.12823462342846634 0 -0.03428426569666136 0.1320125586708052
5.390781563126252 0.004777820642623151 0.008478630484186952 0.012710561900566752 -0.008629734894712427 -0.041577754806904656 0.13106382979803569 0 -0.028678262095457194 0.1319514847107994
5.410821643286573 0.0046476687645841735 0.008466335818271092 0.014261338214514026 -0.01293178394109059 -0.03444229966195606 0.12945332650834668 0 -0.02313503049448549 0.13166867840420052
5.430861723446894 0.0052274758933577616 0.008833907081357723 0.013977573729802377 -0.013169471469503589 -0.030507143863924165 0.1292012452979392 0 -0.017662691255158177 0.13116901688365787
5.4509018036072145 0.005725983535617148 0.008751407775556708 0.011406521681892963 -0.011712746995382864 -0.0238288577878316 0.12794192005252322 0 -0.01226908384682012 0.13045764691322273
5.4709418837675345 0.0033978961287721484 0.009005914544950469 0.011754824234070801 -0.010180811945074248 -0.01860353708628435 0.13026096029394627 0 -0.006961759174320422 0.12953997084276794
5.490981963927855 0.00697910524262111 0.012689685400330464 0.010240622529346804 -0.011360364522746602 -0.010907754389225796 0.129375786842947 0 -0.0017479725453640638 0.12842163240924487
5.511022044088176 0.008080104170674998 0.012972375962387523 0.012288342851892486 -0.006444663541023215 -0.0068359052523375005 0.12796460673601143 0 0.0033653227231637173 0.1271085024118066
5.531062124248497 0.006875591082998698 0.012488309783876573 0.010383758303329806 -0.003416709309799878 -0.001338293085576704 0.1273319709423046 0 0.008371481061779816 0.12560666428750333
5.551102204408817 0.005684170041826216 0.009819743160848706 0.012368337251846268 -0.005359670996576995 0.0006495823187080761 0.12304513255968587 0 0.013264169770802815 0.1239223996138933
5.571142284569138 0.0051231019729311746 0.01204827337538582 0.009877819415798177 -0.00402583863661979 0.006515794295469055 0.12461227003227249 0 0.018037373512500163 0.12206217356451435
5.591182364729459 0.004404115740526672 0.010665595506249525 0.00894705920911324 -0.001558161436932919 0.00831906218615109 0.11967269425436053 0 0.022685398177894264 0.12003262034272603
5.611222444889779 0.004398606116134143 0.009184224242179732 0.007074575421199784 -0.003467209892812787 0.015815590313668956 0.12018629944402867 0 0.02720287413410535 0.11784052861896151
5.6312625250501 0.00569163859487777 0.013148930579463047 0.007004291655540125 -0.0022603666778046125 0.016389113740773054 0.11696922415541657 0 0.031584758859033016 0.11549282699592686
5.651302605210421 0.006106131098028002 0.00951640013808163 0.0054056796733568425 -0.0043093487132286135 0.020822174796495396 0.11629998838642978 0 0.03582633897107871 0.11299656952575221
5.671342685370742 0.005432709183415716 0.007636793765451589 0.005739116295077701 -0.0035545669830650524 0.026243926902147066 0.11451820478162344 0 0.0399232316624863 0.11035892130253222
5.691382765531062 0.006883813929623786 0.007420678911271947 0.0045841957727273 -0.007462414120253965 0.030383708588156533 0.1119647580464879 0 0.04387138554570848 0.10758714415310458
5.7114228456913825 0.008988393700516111 0.006198802496569273 0.003764340171055423 -0.009043868102230372 0.037079643145943475 0.11129357839249872 0 0.047667080923016976 0.10468858244829253
5.731462925851703 0.009823758906447882 0.004723605497709785 0.006253885670332218 -0.009678317324322337 0.044469348036473885 0.10590528102992768 0 0.05130692949034162 0.10167064905619681
5.751503006012024 0.009175622079076138 0.006003254060078631 0.007879417141550316 -0.013334450331888997 0.04891075284888217 0.10233866063957374 0 0.05478787348706729 0.09854081145844912
5.771543086172344 0.005737458145920492 0.00776310228067461 0.0022892839078403277 -0.014315671688115006 0.05230177105219904 0.09953688706282281 0 0.05810718430421493 0.09530657804965387
5.791583166332665 0.005347197810003774 0.006971131758452994 0.0017423525072474218 -0.01380137741980808 0.05594479972791311 0.09872286834645967 0 0.061262460564106336 0.0919754846395304
5.811623246492986 0.0036994506708158278 0.008809148589937166 0.005456891441415816 -0.013971449400921283 0.05508195289712427 0.09387276922225977 0 0.06425162568524093 0.08855508117654197
5.831663326653306 0.003315262825530838 0.01088895735255027 0.0035600308482828555 -0.013854768425642577 0.05784099123915645 0.09161432925644043 0 0.06707292494671528 0.08505291871104621
5.851703406813627 0.000881290188382874 0.010860359642761448 0.0055145050619684645 -0.013315213565219496 0.060771771586846914 0.08951046903762439 0 0.0697249220670735 0.08147653661524272
5.871743486973948 0.0007013419312116939 0.009821667704881 0.00532501512705283 -0.011664466654798504 0.06166067852511836 0.08282995648388283 0 0.07220649531300147 0.07783345007641751
5.891783567134269 -5.105835068799725e-05 0.009324775628459868 0.005977039304717703 -0.01194925256017114 0.06507548934785749 0.07902315391055373 0 0.07451683315377068 0.07413113787919026
5.911823647294589 0.002187833009679389 0.00857206484008728 0.00832498127402062 -0.009828896835294303 0.0663850948687743 0.07440699249626807 0 0.0766554294777839 0.07037703049167576
5.9318637274549095 0.0021436550806327418 0.010035602953513982 0.007370944377661497 -0.01046620422685215 0.06956464849216497 0.07046417210025727 0 0.0786220783879949 0.06657849846965744
5.95190380761523 0.0006242701881064728 0.009840645347869909 0.006431622189592434 -0.01114485057876744 0.07338550352336735 0.061768662570905034 0 0.08041686859334897 0.0627428411920581
5.971943887775551 2.3381119835951426e-05 0.010649800745547767 0.003494722263960273 -0.010191259748993884 0.0760467197649819 0.059243097319234134 0 0.08204017741373842 0.05887727594016415
5.991983967935871 0.002022062963711871 0.01166453796337151 0.003516972158957753 -0.011480330533057314 0.07939848289825634 0.057992015501429836 0 0.08349266441626785 0.054988927332236946
6.012024048096192 0.0014269050850096035 0.011176449524875455 0.004724683235618322 -0.01341257853192712 0.07991381893931242 0.052969985181674874 0 0.084775264700898 0.05108481712430978
6.032064128256513 0.0010505931638020154 0.012166484829954154 0.004142617264228769 -0.01213221346487074 0.07962064739146757 0.05167567005940239 0 0.08588918185376794 0.047171854387139944
6.052104208416833 -0.00180893811913117 0.014234303829190708 0.004210919833757557 -0.013794220288483804 0.08108551346294553 0.04935185779052836 0 0.08683588058669633 0.04325682606844672
6.072144288577154 -0.0012777783899261155 0.01443814292829344 0.0037622975915487184 -0.013252106270200159 0.08589386517998218 0.04041334356183617 0 0.08761707908152362 0.03934638794873839
6.092184368737475 -0.0030253574660622953 0.014872518214899232 0.005412575581399304 -0.011539900335990456 0.0863404139876149 0.03529729470283608 0 0.0882347410580861 0.03544705599820162
6.112224448897796 -0.005199832264856708 0.012947168059740492 0.004107834518814392 -0.007288212405911473 0.08427060722799812 0.030179711989305323 0 0.08869106758470777 0.031565198141296144
6.132264529058116 -0.007337469721412334 0.015517851298674607 0.007266665601864577 -0.008621264900271899 0.08713854864851829 0.02769554346007198 0 0.08898848865015488 0.027707026434882705
6.152304609218437 -0.007439455386215438 0.016022450611942674 0.002241550809108471 -0.00869777811368439 0.08734486238609533 0.022251511101996666 0 0.08912965451602607 0.02387858966489327
6.1723446893787575 -0.004504569536146474 0.017131280588714583 0.005187149161832118 -0.011631271277564421 0.08822374988357075 0.01697127150263231 0 0.08911742686854532 0.020085766365750664
6.192384769539078 -0.0026678626203388376 0.019339903688215428 0.0024692945589783375 -0.014281534397190578 0.08639498586338812 0.016666430782743984 0 0.08895486978868743 0.016334258265941003
6.212424849699398 -0.000706008491817298 0.01678622934490596 0.0011719866633133152 -0.015724050733653894 0.08581436609338686 0.015083253106644594 0 0.08864524055949763 0.01262958416236081
6.232464929859719 -0.0006727378410458792 0.018322947128327553 -0.00039520148527757737 -0.01769545025128561 0.08905926798392715 0.012803055588292171 0 0.08819198032936655 0.00897707422527943
6.25250501002004 -0.000989137861088062 0.015231050702287207 -0.00028386996203405367 -0.021087618461303307 0.09028202630120588 0.012177905626002447 0 0.08759870464989472 0.005381864734998078
6.27254509018036 0.0005524893199265439 0.01798553221480821 -0.00031422000561248545 -0.022340454472452212 0.09038073392488995 0.011866679512646633 0 0.08686919390682116 0.0018488932505301098
6.292585170340681 -0.0010246415179795516 0.020599268368078117 -0.0021049312475036647 -0.02277530580081288 0.0880527930359959 0.0072761366910533715 0 0.08600738366230584 -0.0016171057901045293
6.312625250501002 0.0009674897418222343 0.01956976605476074 -0.0062764485466092115 -0.02390498804136152 0.08952769098428776 0.005504837496276921 0 0.08501735492664281 -0.005011605039099145
6.332665330661323 0.002614327637784101 0.01769875411565206 -0.005051198887088613 -0.024318703507945086 0.0881006954700884 0.002811449819895587 0 0.08390332437724012 -0.008330287779432092
6.352705410821643 0.0035549187526583005 0.01920902681938892 -0.007127379998535601 -0.022085865070702194 0.08346681049240433 -0.0010972971608945576 0 0.0826696345424395 -0.011569051039310585
6.372745490981964 0.004363884533762102 0.018721774760298546 -0.007399118658597265 -0.023311761674414625 0.082348272654552 -0.003190404920036399 0 0.08132074396745811 -0.0147240082836808
6.3927855711422845 0.005522963207910433 0.019932055762586685 -0.013636866524968682 -0.025061985908184904 0.08129585311758813 -0.006663413567592266 0 0.07986121737942338 -0.017791491686645705
6.4128256513026045 0.006509576239715256 0.020473323587638925 -0.015250347772161253 -0.02845685645630523 0.0795038918223576 -0.011958398371541504 0 0.07829571586813511 -0.0207680539892689
6.432865731462925 0.005471480044580734 0.022100167303635537 -0.01635322347548229 -0.026699674348002665 0.0750628325451498 -0.015686326264204138 0 0.07662898709883378 -0.023650469947850424
6.452905811623246 0.007706536089141183 0.023305468325144227 -0.015685761143630135 -0.026909157699149366 0.07631879685045397 -0.01982120048401197 0 0.07486585557287677 -0.026435737378351646
6.472945891783567 0.007608041171561561 0.023928355546943076 -0.018539592976340103 -0.02460691719405167 0.07751901443603394 -0.02037971880844644 0 0.07301121295182664 -0.029121077803219802
6.492985971943887 0.00699335386052698 0.02253202232073049 -0.018808273598439854 -0.022476877217043938 0.07728712763389181 -0.017674763851852786 0 0.07107000846004244 -0.03170393670740578
6.513026052104208 0.00938319398441471 0.022078920897064914 -0.02087135833794354 -0.02428974425554235 0.07692720367407889 -0.021600409877982833 0 0.06904723938043145 -0.03418198341089797
6.533066132264529 0.010538721934287286 0.024008654454805437 -0.021770975719464764 -0.02121433106870529 0.0761265946506963 -0.028659433187408538 0 0.06694794165757245 -0.036553110565594175
6.55310621242485 0.01246554863676013 0.02405727398725311 -0.022666648331947294 -0.020713365099949973 0.07384041918618135 -0.03014063073241623 0 0.06477718062195571 -0.03881543328481746
6.57314629258517 0.01296869617536256 0.02419817038736151 -0.01913043592268138 -0.020022534605713196 0.0761848741754967 -0.03246392833816487 0 0.06254004184860978 -0.04096728791423327
6.593186372745491 0.014131092922308984 0.021150858660780796 -0.024370430058656155 -0.02053556117921507 0.07145244808905006 -0.03264646815003131 0 0.060241622162893464 -0.04300723045336066
6.613226452905812 0.012659190419358726 0.021584436114890325 -0.023428556640302776 -0.02102384458249666 0.06777707683436593 -0.03660166865878474 0 0.057887020805730695 -0.04493403463727556
6.633266533066132 0.014980273164175597 0.023585574065580022 -0.02322895099318646 -0.016832008970269006 0.06661254079730332 -0.04020402226034776 0 0.05548133077005048 -0.04674668968849093
6.6533066132264524 0.012748839558822651 0.021971660545929864 -0.025158328454070625 -0.014346038957715235 0.062138309736751995 -0.042519044143225215 0 0.0530296303196736 -0.04844439774935512
6.673346693386773 0.01018324437823661 0.021393671568152327 -0.019929188999237676 -0.010047280387189906 0.06443695627060202 -0.04331537609168468 0 0.05053697470135707 -0.05002657100564495
6.693386773547094 0.011155632792852978 0.021682628474738612 -0.018236691983228952 -0.007575455785286612 0.059988032909729296 -0.04725633475691018 0 0.048008388060164935 -0.05149282851234159
6.713426853707414 0.012741080192214397 0.020821097396179593 -0.013951832710353345 -0.007349419542410833 0.05805590947860986 -0.05515788950960072 0 0.04544885556779296 -0.05284299273286013
6.733466933867735 0.01101019699344493 0.022244304896378037 -0.0148675976284728 -0.007723266262066146 0.056499754342687905 -0.05831433969512063 0 0.04286331577292051 -0.054077085803266194
6.753507014028056 0.014222407990447121 0.017649778656835282 -0.014264611370877143 -0.006988862472190355 0.057238738960672185 -0.06181185514976737 0 0.0402566531821112 -0.05519532553324704
6.773547094188377 0.015379173958657493 0.01997927529711079 -0.012084480030414367 -0.0072783777085486424 0.05439316546204067 -0.06462559499287363 0 0.03763369107922083 -0.05619812115581788
6.793587174348697 0.01979485394471141 0.019192941449456123 -0.014752154850870853 -0.004109612147608687 0.05306917359245457 -0.06783586870130175 0 0.034999184590714896 -0.05708606883792924
6.813627254509018 0.022375935632801578 0.018902764735772255 -0.014325734701434546 0.0011153989567576899 0.05195738002738247 -0.07188769421843838 0 0.03235781400373173 -0.057859946964304694
6.833667334669339 0.02026264937058886 0.01598783388027944 -0.015029413131886145 -0.0027148260952954526 0.04724506730868846 -0.0742823472038221 0 0.02971417834316848 -0.05852071120697639
6.853707414829659 0.018535448847084864 0.018136448766636587 -0.01698924219941116 -0.000486821869377725 0.04169281250030182 -0.07345734399585958 0 0.027072789213500602 -0.05906948939310116
6.8737474949899795 0.016158999710864597 0.02006858955279974 -0.017831746593359288 0.004472424367209358 0.032458553460456806 -0.07617052042458497 0 0.024438064910488118 -0.05950757618373037
6.8937875751503 0.01654628187684961 0.02055966139447524 -0.016158805810773037 0.0006453258571168434 0.029885429153337282 -0.07430965757535257 0 0.021814324807363974 -0.05983642757627506
6.913827655310621 0.01757794893077108 0.02001123621187437 -0.015039578715969023 0.003420079473645497 0.030244498707095016 -0.07055042982173314 0 0.019205784019541292 -0.06005765524345313
6.933867735470941 0.019347727979128346 0.019376505373287042 -0.01467868715015688 0.006388738706499405 0.027625343760151123 -0.07013723472373774 0 0.016616548351329943 -0.060173020721527574
6.953907815631262 0.018794466947265866 0.01874056213219828 -0.01545143266496992 0.005290766543520088 0.028594258401652122 -0.07044777621831338 0 0.014050609527603704 -0.06018442946064545
6.973947895791583 0.018891192248529722 0.01919069429379647 -0.018725468140813238 0.008962447428564889 0.02229209556318572 -0.07150175578929743 0 0.011511840712822923 -0.06009392475006618
6.993987975951904 0.018736618181423702 0.01930100243325213 -0.015861653804170386 0.011915068751914466 0.019613423504313582 -0.07090147722571931 0 0.009003992319279945 -0.059903681531025176
7.014028056112224 0.0161557627251882 0.015595075600729558 -0.012532325751416462 0.019263276554386446 0.017963929355212325 -0.06669496035173003 0 0.006530688105913265 -0.05961600010991609
7.034068136272545 0.01751122040027739 0.015608355197366927 -0.011242546057386782 0.019683766543758623 0.012268683083626582 -0.06614916640436021 0 0.004095421568515311 -0.05923329978439139
7.054108216432866 0.01937561500280451 0.012945862677090171 -0.008530124386368432 0.02350380459460164 0.010848472161052124 -0.06914172364968675 0 0.001701552621653315 -0.05875811239487848
7.074148296593186 0.019253222855709906 0.010530555119695624 -0.008346077345927239 0.022343867974151808 0.006907866270512723 -0.06860509675257137 0 -0.0006476954278804022 -0.05819307581388637
7.0941883767535066 0.020497114187803644 0.008078977237197018 -0.007057818296999482 0.024290459226746552 0.0037797487009689277 -0.06727927951901087 0 -0.0029492386167581904 -0.057540927385337504
7.114228456913827 0.021024696728405682 0.008498768926713121 -0.005456074143406972 0.022710246480314448 -0.0015209541461090796 -0.06256554692531338 0 -0.005200134771094637 -0.05680449732600141
7.134268537074148 0.019634621475331578 0.006534371881571474 -0.004150608234030523 0.022490031410280817 -0.00238885630695251 -0.06137995249603696 0 -0.00739758566432925 -0.05598670210093061
7.154308617234468 0.020796568758169393 0.007024724003946366 -0.004683037396870104 0.025009995663843192 -0.006262264745448 -0.0674719393944229 0 -0.009538938889082658 -0.055090537784607665
7.174348697394789 0.022804482056107536 0.005199339283041609 -0.0018832202088780513 0.025716400250932747 -0.00853982495484518 -0.06593670255201314 0 -0.011621689445499777 -0.05411907341930363
7.19438877755511 0.022735501855529593 0.006259717730528682 -0.0004593442297184881 0.02625752656420136 -0.008132903285249592 -0.06561844632594317 0 -0.013643481049019857 -0.05307544438192522
7.214428857715431 0.02352380401777331 0.00506928374126379 -0.0024253148868149566 0.026353103605319544 -0.00682887777439781 -0.0656565757728455 0 -0.01560210716093242 -0.051962845770389086
7.234468937875751 0.024063798228490745 0.0005571749255856818 -0.0010289562018397612 0.030699365804511314 -0.008226029117441507 -0.0652329825693684 0 -0.017495511745476512 -0.0507845258203106
7.254509018036072 0.021090818697565922 0.0008783282574981732 0.0018712017276258288 0.025536591407461545 -0.011775829898423653 -0.061173919256836524 0 -0.01932178975763062 -0.049543779362528295
7.274549098196393 0.021149985668131262 -0.0011380559288363572 0.008674171520563368 0.02745012571035373 -0.012876494660189806 -0.06452446254308082 0 -0.021079187366111106 -0.048243941331708534
7.294589178356713 0.023407064078164484 -0.0020240120426214523 0.011074099102581439 0.028264407795076406 -0.016448734036773344 -0.060575924141397654 0 -0.02276610191645751 -0.04688838033598407
7.314629258517034 0.023301111763913 -0.0019960518076147077 0.015358281120410324 0.03179654375294686 -0.021572110460327948 -0.06219126637717507 0 -0.024381081639423173 -0.045480492297280344
7.3346693386773545 0.022872546907373097 -0.0074640018197479115 0.012909487455231764 0.032254383390880034 -0.01954351682754054 -0.06119313737390301 0 -0.025922825110216555 -0.04402369417167309
7.354709418837675 0.02288115403846276 -0.005982214072661654 0.015501085157495155 0.02730963675091719 -0.02306199511067963 -0.06100336337377744 0 -0.027390180464451564 -0.04252141775879809
7.374749498997995 0.022390017827438075 -0.007477178897598494 0.018007258001374756 0.03010285938348159 -0.02049742777772123 -0.0579364680999942 0 -0.028782144376957537 -0.04097710360900696
7.394789579158316 0.02301449425673848 -0.005577438783246597 0.01764211900009832 0.03024930869976116 -0.026084270531589154 -0.05982316077784049 0 -0.030097860809880046 -0.03939419503662299
7.414829659318637 0.02448290612601196 -0.007592809232583513 0.015673967373220517 0.027794814198166717 -0.027008961788964718 -0.056943965755908064 0 -0.03133661953676414 -0.037776132247308566
7.434869739478958 0.02309472959198602 -0.007837274557570346 0.01578928851160765 0.030578924980262417 -0.027476260654073385 -0.05465530584937864 0 -0.03249785444955963 -0.03612634658720073
7.454909819639278 0.0215351998955967 -0.008407717963495822 0.017454734357975208 0.02930551174513534 -0.029559406465263154 -0.05742252906862128 0 -0.03358114165571486 -0.03444825492111689
7.474949899799599 0.019207079279210348 -0.009388173221604275 0.018321336339336483 0.030698255033716034 -0.033111858745140034 -0.055698470608956815 0 -0.034586197372739484 -0.03274525414676742
7.49498997995992 0.01966565572534942 -0.010363145797245338 0.022851597519733518 0.028859800939788297 -0.030793165365917474 -0.055180693959598306 0 -0.03551287562781125 -0.03102071585154665
7.51503006012024 0.018936773715849085 -0.009037543836696776 0.021020874640818907 0.027518568139092727 -0.031956564524205144 -0.05369467329360016 0 -0.03636116577018231 -0.029277981118099795
7.535070140280561 0.014483204630553241 -0.010263827982937644 0.024747725187645987 0.028402849392076053 -0.0324320288525534 -0.054615044316699085 0 -0.03713118980430195 -0.027520355484491214
7.5551102204408815 0.01507901905038533 -0.0073534860502700965 0.026062273325125052 0.024991903666499164 -0.036723470334201744 -0.05379749216938468 0 -0.037823199551718346 -0.025751104064422478
7.575150300601202 0.01410589457531567 -0.010672169891744373 0.026101624494042467 0.0235697837032844 -0.040447458320484006 -0.05073973027790895 0 -0.0384375736499524 -0.02397344683256819
7.595190380761522 0.015592148173485794 -0.0096711696053877 0.029017617829825957 0.02337102630123565 -0.040063478439464485 -0.04507397209790498 0 -0.038974814396648454 -0.022190554079720662
7.615230460921843 0.0138468433201912 -0.009296319627171683 0.02875951448936993 0.020716219604749182 -0.03967799092692511 -0.04199422512683265 0 -0.039435544447404054 -0.020405542042052225
7.635270541082164 0.012589121568153184 -0.007327014548952207 0.028663808147341135 0.018734723413066406 -0.04105645236438107 -0.04099542946646625 0 -0.039820503375760756 -0.018621468708426687
7.655310621242485 0.012392203968654663 -0.00803612540347633 0.02717704685575659 0.019139791290645514 -0.04099889182571874 -0.04032582425107431 0 -0.04013054410390351 -0.016841329809309673
7.675350701402805 0.00983298199083783 -0.010428995546786503 0.02918781503446407 0.014534027890382129 -0.03917878257825595 -0.039713610244987846 0 -0.040366629212664144 -0.01506805499045314
7.695390781563126 0.007837666088612215 -0.009261962727731434 0.02740854234552755 0.016285214125327283 -0.041278215972719856 -0.034132069532804996 0 -0.0405298271394585 -0.01330450417415206
7.715430861723447 0.0039627825757334425 -0.007694528208877431 0.025022726563773048 0.010688343183900167 -0.0466797796559981 -0.03688879997786941 0 -0.040621308272804135 -0.011553464110500896
7.735470941883767 0.005213820473959447 -0.006675331591701448 0.02137211748646568 0.00991621420719808 -0.048792531013586014 -0.03426305732634522 0 -0.040642340952069825 -0.009817645120705704
7.755511022044088 0.0038627722357520654 -0.004163892113708859 0.022810127729693732 0.010027413160163524 -0.05180504739573271 -0.030798372492888873 0 -0.040594287381095356 -0.008099678034144507
7.775551102204409 0.004909097742316489 -0.0036469035887950244 0.02180554584064137 0.01045891269180183 -0.05266075891293217 -0.025919011125461026 0 -0.04047859946429507 -0.006402111320507655
7.7955911823647295 0.0035467043587768523 -0.0050665344881940045 0.01951732273585743 0.009111734144348514 -0.05611094617543615 -0.026773680207719627 0 -0.040296814573818375 -0.004727408417991746
7.8156312625250495 0.0023057139440208698 -0.004597474033621383 0.014880416919231306 0.0056830872338541226 -0.056235676735005784 -0.022130941475728846 0 -0.040050551256286766 -0.00307794525817273
7.83567134268537 0.0036501925413058036 -0.0048067182377370165 0.01723937731218886 0.004717933790078773 -0.056709331216643594 -0.01833185192232885 0 -0.039741504887560196 -0.0014560079878370596
7.855711422845691 0.0025173496924075214 -0.00580067298417545 0.015230272910054436 0.0029756029639658845 -0.05639468682937543 -0.01720810706913121 0 -0.03937144328390546 0.00013620911228658035
7.875751503006012 0.001008508910027771 -0.005721540550497414 0.00996514537011407 0.004513931321561846 -0.057016220063796134 -0.01494681800042444 0 -0.03894220227784707 0.0016966055122865195
7.895791583166332 0.005173913633673508 -0.005204013393261591 0.008706167764633354 0.005927209215089715 -0.0584947392181213 -0.011116476981402524 0 -0.03845568126687621 0.003223176122031574
7.915831663326653 0.0058144110802227115 -0.00739001396221252 0.012678424665066329 0.0060209762705806325 -0.05523080018803454 -0.013946666327442486 0 -0.037913838743077195 0.0047140127853706245
7.935871743486974 0.006889171683049705 -0.007028391765406655 0.011371309347917077 0.005892618011107191 -0.05727358680802601 -0.011697462009954638 0 -0.03731868781160331 0.006167305580906874
7.955911823647294 0.007179991620084505 -0.005564823782508924 0.010632372521082633 0.006256244038223948 -0.05724369040864083 -0.00585881209437294 0 -0.03667229170579489 0.0075813439309879585
7.975951903807615 0.006680131308240603 -0.004692462781373171 0.0115669846546551 0.0031959808487770315 -0.05859431030034801 -0.004837561128084302 0 -0.03597675930658406 0.008954517520842654
7.995991983967936 0.0080444885025344 -0.005034920871769466 0.010232481389711452 0.005263073480902043 -0.05781220172348413 -0.002178826596475997 0 -0.03523424067367165 0.010285317030077509
8.016032064128256 0.009247326150084938 -0.005631246102906843 0.009366759168838334 0.003872011260527171 -0.05749489954502458 -0.002600336947466444 0 -0.034446922595792816 0.011572334679021445
8.036072144288577 0.00801252621125095 -0.0021408010641349143 0.008808440849132116 0.008390938687742853 -0.05604867137673736 -5.1667487089484034e-05 0 -0.03361702416721095 0.012814264592668212
8.056112224448897 0.006092506021638309 -0.004729633529164718 0.004709232664428752 0.0097647776580025 -0.0598653334900566 0.002358202931910604 0 -0.03274679239739392 0.014009902985220236
8.076152304609218 0.007257452206501987 -0.005127240574514799 0.005112676587987596 0.012281425570157281 -0.05984849612432086 0.005797694407904091 0 -0.03183849786063133 0.015158148168482544
8.09619238476954 0.006549625979485326 -0.005941667907471152 0.007073390031690977 0.01185031690655289 -0.0570615790396848 0.006880541921996754 0 -0.03089443039215133 0.016258000387586614
8.11623246492986 0.007961880010218239 -0.0046699923016538065 0.008268310883445765 0.01229152753151109 -0.05689775509198493 0.00883289099868113 0 -0.029916894837085886 0.01730856148774797
8.13627254509018 0.005104005767748043 -0.0034992270040709104 0.010608286550315807 0.009580363770285257 -0.056103754691087346 0.007453227311213651 0 -0.02890820685841877 0.01830903441597279
8.1563126252505 0.007175094678762427 -0.005484430214897455 0.008463888888853422 0.00875579704401316 -0.05466672377344042 0.011642985360208257 0 -0.027870688809828136 0.019258722561830643
8.176352705410821 0.007896000054831312 -0.0065314585436153216 0.011166684600058902 0.00777513099985041 -0.052075001577316246 0.014410619843060277 0 -0.02680666567911084 0.02015702894159905
8.196392785571142 0.005536697846912642 -0.0029532629663178277 0.011963970563632208 0.008717326977621615 -0.04996754342718277 0.018056548082500266 0 -0.025718461107640204 0.0210034552302674
8.216432865731463 0.006443599960101037 -0.004525573868151935 0.010351908997722703 0.01028992184557274 -0.04805531197156635 0.019324406957399978 0 -0.02460839349107554 0.0217976006460533
8.236472945891784 0.008459274314666802 -0.007203020266955347 0.012006065723270013 0.00996168665396633 -0.04914619030712898 0.02198025688666236 0 -0.023478772166299008 0.022539160692242616
8.256513026052104 0.006464750891190622 -0.010952744914157075 0.013722599930820747 0.010154375962288801 -0.05284538302927224 0.02107435732747243 0 -0.022331893689311596 0.023227925761309772
8.276553106212425 0.004878258560653555 -0.009616456164311398 0.013656062411969526 0.00907883069661758 -0.049610550653042554 0.024778903389514377 0 -0.021170038208572405 0.023863779606409213
8.296593186372744 0.0028668991084930644 -0.011251277501088642 0.014755286984746624 0.0061374094878971506 -0.04779232359981465 0.02735159090916119 0 -0.019995465938015253 0.024446697685451935
8.316633266533065 0.0011978043710193919 -0.010852328386398538 0.015481377663249734 0.0029982335744659664 -0.04632956402951713 0.031107312751703507 0 -0.018810413733723476 0.02497674538309329
8.336673346693386 -0.0006399466389635242 -0.008923950975563125 0.019123502711964644 0.0006749838563384509 -0.04672236679761421 0.031870953641512524 0 -0.017617091777991825 0.02545407611605763
8.356713426853707 0.0007560628009535127 -0.007792315413980499 0.018540710926078206 0.0012002721076298177 -0.04706681585317839 0.03228879430720886 0 -0.016417680374245413 0.025878929327316766
8.376753507014028 0.001655002082601829 -0.008486411840857331 0.021256682884831377 0.0022785461484617128 -0.04532107682390485 0.03208484714311817 0 -0.015214326856033003 0.026251628374715716
8.396793587174349 0.0002673227467205534 -0.010548562480338535 0.023432682524868142 0.0027408161517706417 -0.0436993162574308 0.03437025566952244 0 -0.014009142613053307 0.02657257831970759
8.41683366733467 0.0007876879079226626 -0.010263235750824426 0.019720663811877724 0.0020022164168566137 -0.042715978536358855 0.036161209561275484 0 -0.01280420023691712 0.02684226362191565
8.436873747494989 -0.00035626742779945126 -0.010829746981259316 0.02112758404847103 -0.0032895257398164357 -0.041377125319451265 0.03878801520333259 0 -0.01160153078909235 0.027061245745286122
8.45691382765531 0.0022107622829251328 -0.01071842165773561 0.02360954204199615 -0.003915715945676427 -0.038155187091411795 0.04181247050162813 0 -0.010403121193223102 0.027230160681630755
8.47695390781563 0.004473965958140409 -0.010845164306236546 0.0227646114081046 -0.00667459328207049 -0.03716913367774755 0.04305312007618537 0 -0.009210911753762704 0.027349716397381877
8.496993987975952 0.0017883294240150084 -0.012123160782843433 0.023248030007882215 -0.006978805470575269 -0.03260910616892843 0.042013513001892634 0 -0.008026793802604898 0.027420690209397976
8.517034068136272 0.004541975790520975 -0.01320953589235922 0.02394132493168156 -0.008506505260437171 -0.03135721385447517 0.040724687066735106 0 -0.006852607475151454 0.027443926095660858
8.537074148296593 0.005380252791641618 -0.011035398435400988 0.022577299429539253 -0.007841936172333579 -0.027802295827010534 0.03743589228381288 0 -0.0056901396170050056 0.02742033194670024
8.557114228456914 0.0036079822939660477 -0.012648349507911348 0.02510351400479848 -0.006443964126553614 -0.025733750557761857 0.03819055919348205 0 -0.004541121822232374 0.02735087676356563
8.577154308617233 0.00396752473436764 -0.012405278697758787 0.024652987873278468 -0.006937718431704498 -0.02535188230604221 0.043850331877845775 0 -0.0034072286039025608 0.027236587808140367
8.597194388777554 0.004457693385655012 -0.012800806988291277 0.022875664262968616 -0.0065559655134914355 -0.027569454030474578 0.043879083538553826 0 -0.0022900756973654574 0.027078547711558144
8.617234468937875 0.0012295530051930567 -0.01399966139582073 0.02171469744071358 -0.006194991566180412 -0.023143463713875167 0.04529265956832103 0 -0.0011912184965058629 0.026877891546439006
8.637274549098196 0.0027603325052793968 -0.009403438147279267 0.019208372341524435 -0.0074277998731172735 -0.019285309982394912 0.04388085807427836 0 -0.00011215062297460219 0.026635803868609156
8.657314629258517 0.0009583201732590807 -0.012175963760036592 0.018508749365016376 -0.008945753942053285 -0.017147799246047056 0.04650904955159153 0 0.0009456973718226843 0.026353515733908588
8.677354709418838 0.00045861692072151397 -0.010192885972187838 0.019727019822786632 -0.015753045497529847 -0.014240646466166308 0.047365738923385095 0 0.0019809591724205804 0.026032301695620933
8.697394789579159 -0.0012630846135385859 -0.009215156151247446 0.01700720658897409 -0.012950438955013048 -0.010548948612875973 0.04698782415976835 0 0.0029923337333283345 0.025673476787983356
8.71743486973948 0.0005090551306874466 -0.008308923154109348 0.014901412572530831 -0.013527937359925524 -0.006257585779971619 0.05076967292441058 0 0.003978586182268837 0.025278393501149098
8.737474949899799 0.00018300160552803472 -0.006516202102770582 0.011687713273778438 -0.014798684727862057 -0.004461299884042195 0.05247150431001701 0 0.00493854859369101 0.024848438752883492
8.75751503006012 2.0262624442758115e-05 -0.007159516083056996 0.012297764251312146 -0.014647349730944547 -0.0031368833423159534 0.05023754467383228 0 0.00587112063382304 0.02438503086217462
8.77755511022044 -0.00031954182238954384 -0.005447552948890552 0.011799832702175179 -0.017434293304418706 0.00016796682790669456 0.04873040213190827 0 0.00677527007872404 0.023889616529834488
8.797595190380761 0.0029126648957875233 -0.005796933627102197 0.007224454477448191 -0.016876419715413357 -0.0014856177133129407 0.050202978872591016 0 0.007650033206980306 0.023363667831052905
8.817635270541082 0.0024148330035727895 -0.006655807669576282 0.007963058230490117 -0.01698464524169674 0.0014097870813376044 0.05044134793533361 0 0.008494515068868523 0.02280867922474876
8.837675350701403 0.001367320607501352 -0.00529552841122683 0.01092896569140195 -0.018188151406867695 0.0014766041699844658 0.051024097854132144 0 0.009307889633982665 0.022226164584438213
8.857715430861724 0.004483064989660445 -0.004703037233264779 0.010711015569779417 -0.016897915731002276 0.002023317999366261 0.04785738832865478 0 0.010089399819486373 0.021617654255209555
8.877755511022043 0.003983436130880354 -0.004715308853282699 0.012484344116610507 -0.014795625341535092 0.0011444863978065805 0.046656879654364936 0 0.010838357401311534 0.02098469214125933
8.897795591182364 0.004889467682130112 -0.005352068446725646 0.008647023250385587 -0.018022589052366953 0.0018690140330172157 0.045437187887228815 0 0.011554142810775847 0.02032883282830384
8.917835671342685 0.005829011276363693 -0.008477079481863574 0.00690773767771469 -0.013216671952010215 0.006017474715217403 0.04349142538385479 0 0.012236204819235442 0.01965163874503699
8.937875751503006 0.0048383941490338514 -0.008385794289309573 0.007160728771011883 -0.015352715078987925 0.006888720368901473 0.04024074695595989 0 0.012884060113528098 0.01895467736765451
8.957915831663327 0.005940780676552676 -0.008111145678490436 0.0039715450329639084 -0.010474220530134285 0.00343774649532874 0.040927867680137536 0 0.013497292765090173 0.018239518471314223
8.977955911823647 0.0051078786963771414 -0.006449214458595002 0.00133713146982425 -0.013582717548690226 0.0039430490326597956 0.03971949446287656 0 0.01407555359575422 0.017507731432244655
8.997995991983968 0.004813393679523841 -0.009651928515850169 0.0006718646003062133 -0.012158103459185686 0.0035981278556387695 0.0390183997717855 0 0.014618559443348673 0.01676088258405547
9.018036072144287 0.00461019233673367 -0.008700062606055534 0.0005664521195031492 -0.010719207596724905 0.005993285792268801 0.037001802741001864 0 0.015126092330328376 0.0160005326316412
9.038076152304608 0.0030511194508831153 -0.010267432018880912 0.0007645855269981625 -0.012637129759345478 0.008605081193925704 0.036407072473874626 0 0.015597998538764831 0.015228234125904606
9.05811623246493 0.003441812723141311 -0.011231935345440772 0.0005850266942338858 -0.010418185188216472 0.007525286697436396 0.03375330718582662 0 0.016034187595116278 0.014445529002360619
9.07815631262525 2.354253480182324e-05 -0.010235444545514498 -0.0020769488359732415 -0.009709521853082567 0.013239103936244593 0.03510694729545763 0 0.0164346311682838 0.013653946186510934
9.098196392785571 0.0010770638121568048 -0.011339557776324307 -0.0009573948931657558 -0.006910799287154259 0.011173957839041296 0.03363287063803392 0 0.016799361884535177 0.01285499926871134
9.118236472945892 5.258575287310428e-05 -0.00773236661674806 -0.004002931648337539 -0.005774519092676893 0.008324226069078717 0.034396756825336536 0 0.017128472062948305 0.012050184251081203
9.138276553106213 -0.0016860762697460075 -0.00544195415786523 -0.0025247562130247246 -0.0030329073842429444 0.01464361885621074 0.03359372154125351 0 0.01742211237508777 0.011240977368832542
9.158316633266534 -0.00039685566472286626 -0.0066979326366068395 9.171831291251143e-05 -0.006400290427067474 0.013488396314277524 0.03581827417721596 0 0.017680490432682418 0.010428832988223297
9.178356713426853 -0.0014972746458019651 -0.008500525887057651 -0.0031448240186951024 -0.006166008255058438 0.015268134781842966 0.03644992290150461 0 0.0179038693071186 0.009615181583166148
9.198396793587174 -0.0012592719108982567 -0.008939690506948898 -0.0027790961072004443 -0.004564732967210156 0.016766720816455666 0.03411946052585377 0 0.018092565984603532 0.008801427792350585
9.218436873747494 0.00030102475107061423 -0.009794552986080635 -0.0009317245842124965 -0.008948197652854331 0.016018544005587863 0.03489168151061327 0 0.01824694976088496 0.007988948558564576
9.238476953907815 -7.171632622242387e-05 -0.007877179700035982 -0.0035226287066747776 -0.006915744029922246 0.018438474194569694 0.03395680305254326 0 0.018367440579439002 0.007179091351727252
9.258517034068136 -0.0008203027330013477 -0.0076765430922201 -0.005917874561126221 -0.010289689711626042 0.013806818264586025 0.03432830259742139 0 0.0184545073170553 0.006373172476975195
9.278557114228457 -0.0013304945687379534 -0.006657602275565335 -0.006686228246307191 -0.007662763488003323 0.012035204188478124 0.034444578350606915 0 0.01850866602075992 0.005572475468972982
9.298597194388778 -0.0020135073815274944 -0.007417697019587716 -0.0034874450193030796 -0.013009565524505646 0.01846132857969014 0.033221842936039796 0 0.018530478100020394 0.004778249573450321
9.318637274549097 -9.316656061013844e-05 -0.0067596363667506015 -0.005392388417141369 -0.013938979854135693 0.017486368039057804 0.03273478564939629 0 0.01852054847817447 0.003991708316800766
9.338677354709418 -0.0026854888126636835 -0.0054416263075136966 -0.002422805947127423 -0.017507221596347038 0.016289228919215727 0.03444568591255119 0 0.018479523707015024 0.003214028164411208
9.358717434869739 -0.002001519156241102 -0.006091609532661433 -0.0032108539115224483 -0.017949979142143392 0.01874262487813436 0.03494357746511474 0 0.018408090048447703 0.0024463472682295854
9.37875751503006 0.0004451370155400634 -0.005436981750874676 -0.0030272431655124325 -0.017800041741847576 0.01858804885162775 0.03031663247929716 0 0.01830697152711574 0.00168976430391497
9.39879759519038 0.00039090509050297684 -0.005885361863606091 -0.0006649117438435765 -0.017151145464565382 0.019281191788877876 0.034650840974675585 0 0.01817692795785834 0.0009453373977584677
9.418837675350701 0.000648292351608066 -0.006893480747155737 -0.0040354810825468925 -0.01738412955378292 0.016949006752750028 0.03471730148409875 0 0.018018752951834645 0.0002140831434064439
9.438877755511022 0.0004586212123667424 -0.005593721806162238 -0.0031386698498809475 -0.017129045346350597 0.020150675757221372 0.035649685830697775 0 0.017833271905105485 -0.0005030242917342298
9.458917835671341 -0.0014318180555685544 -0.005010160809212044 -0.0007830823342765449 -0.018823779626535656 0.020602453601744994 0.02973449915175528 0 0.017621339973419425 -0.0012050539706783953
9.478957915831662 0.001118129423340595 -0.004065326277823907 -0.0024250231965214954 -0.022275374929779657 0.016771615745800543 0.026841464494228723 0 0.017383840036898444 -0.0018911189020479184
9.498997995991983 -0.0008312658845238414 -0.0038225438895012655 -0.0033258314948023987 -0.019688131002650544 0.02147471631621641 0.029500408693578353 0 0.017121680658262882 -0.0025603766668165517
9.519038076152304 -0.0018084585671690892 -0.005099759655564761 -0.0058730958278494115 -0.020338092665703175 0.023156757401300035 0.02844491426174471 0 0.016835794038173136 -0.003212029957311348
9.539078156312625 -0.002431518228107758 0.00020623862399398634 -0.011020479006571453 -0.016406322143097115 0.025013741881877195 0.028540748166127335 0 0.01652713397120027 -0.003845327029299895
9.559118236472946 0.0010233649153042177 -0.001143672952790495 -0.013470343739363498 -0.016726859697015293 0.030926698586374757 0.027924308738091805 0 0.016196673805866507 -0.004459562068124327
9.579158316633267 0.0007995961764492917 -0.002982095086280194 -0.014831381949362248 -0.015933686457350108 0.029722889325402145 0.02431588426772164 0 0.015845404412121598 -0.005054075469968798
9.599198396793588 0.0007868021888721269 -0.003150158739301371 -0.01709227900036084 -0.01670943922897995 0.03516010986400034 0.023564661875515005 0 0.015474332159541639 -0.0056282540394690045
9.619238476953907 -0.0002472567209268865 -0.001144459556061018 -0.015829010874908483 -0.01859779983020129 0.03855364971031627 0.02218360305274443 0 0.015084476909453661 -0.006181531104989631
9.639278557114228 -0.0009499900679444416 -0.0013361412147975913 -0.018027915590839202 -0.015182365669674732 0.038455274248961946 0.01875355926136321 0 0.014676870024101998 -0.006713386553008788
9.659318637274549 -0.0024929540455767684 -0.0006538787875522753 -0.01724583631408244 -0.01568048121701893 0.04148358223267895 0.019054145591162704 0 0.014252552395882455 -0.007223346783155553
9.67935871743487 -0.002844107152825661 -0.0015086610432900154 -0.017404318499438454 -0.013540727860245636 0.03980170295900251 0.015700674987852117 0 0.013812572499575345 -0.007710984585551872
9.69939879759519 -0.004104358806763391 -0.0019830962566507425 -0.01925996283247318 -0.011281654161810076 0.04038831513335302 0.011859314106711113 0 0.01335798447041241 -0.00817591894220686
9.719438877755511 -0.0033487196406940477 0.0001550732909634975 -0.017889560605713967 -0.011909198944743817 0.03800433866778271 0.008680050656992018 0 0.012889846210712179 -0.008617814754306162
9.739478957915832 -0.0029194938290920142 0.002577243502335244 -0.0198036423794262 -0.009419739113500667 0.039489249344448106 0.003943040299161687 0 0.012409217527716029 -0.009036382497327458
9.759519038076151 -0.004595473966700368 0.0004035105320991799 -0.023270643427273054 -0.007679103580790268 0.034123031757017516 -0.000896168538277313 0 0.011917158305152222 -0.009431377805996689
9.779559118236472 -0.005347615332344666 0.0013177392769252152 -0.024212766602697805 -0.006327571683745173 0.03495088373616569 0.001746566056809954 0 0.011414726710947752 -0.009802600991178526
9.799599198396793 -0.0014371283976966434 0.002921732943522305 -0.026995444184402716 -0.0018333804098822736 0.03419343475768231 -0.006738824417033688 0 0.01090297744339976 -0.010149896490867234
9.819639278557114 -0.0034185283250265 0.002056182928693286 -0.023417795868331023 -0.0033221317521302065 0.03480993578935645 -0.01143343335766706 0 0.01038296001800578 -0.010473152257513774
9.839679358717435 -0.002518278174348358 0.0024308618180172437 -0.025358004484493175 -0.0019611877285838296 0.032374643741233514 -0.011935122719355398 0 0.009855717097041358 -0.010772299083986862
9.859719438877756 -0.005558138155684702 0.0014978532685425124 -0.022849127487753678 -0.0018633586111645444 0.03327287660772712 -0.015012080212647284 0 0.00932228286385899 -0.011047309870524625
9.879759519038076 -0.0037505078405044557 0.000646130281203686 -0.0212927641478878 -0.003847006598919773 0.032583828167452505 -0.01981948573808446 0 0.008783681443767863 -0.011298198835086122
9.899799599198396 -0.004233502165013653 0.00034934427722516635 -0.02253455406984552 -0.0026875161350100956 0.03197621113194245 -0.019982449771762213 0 0.008240925373238341 -0.0115250206695599
9.919839679358716 -0.006423672449916574 0.0001096931896483423 -0.022345544390825537 -0.0011776845609278767 0.03117405809798448 -0.0220301971812371 0 0.007695014119058545 -0.011727869644329576
9.939879759519037 -0.00782046736857038 0.002219930338297502 -0.0232022251851815 0.00115627307936155 0.03307916888787748 -0.024778539445552583 0 0.007146932648954669 -0.011906878663733713
9.959919839679358 -0.00793650589882184 0.0015133491888067257 -0.020219300300693473 0.0015816928323245227 0.0323274011732062 -0.024967777156004442 0 0.006597650055068066 -0.012062218274990546
9.97995991983968 -0.009427691034781952 0.0011189086799811901 -0.01835656511147268 0.00038614636479972843 0.02970420689695264 -0.03035464541407784 0 0.006048118231566907 -0.01219409563318507
10.0 -0.012202141434311052 0.002646699498993775 -0.019486836414045652 0.0033317750178384737 0.02956664127111957 -0.029238657937611927 0 0.0054992706075523085 -0.012302753424939096
