t z_t_Re z_t_Im z_t_z_0_Re z_t_z_0_Im z_t_z_0_c_Re z_t_z_0_c_Im zeros alpha_Re alpha_Im
0.0 -0.27031267536888465 -0.0480971657240092 0.05296669068244587 -0.2550419938839421 2.0685825254355534 0.0 0 2.0 0.0
0.02004008016032064 -0.262747711728631 -0.03717052351698107 0.03792123556077023 -0.2751346350448314 2.098850378054586 -0.09212628722813263 0 1.9784697961924307 -0.07933987553930384
0.04008016032064128 -0.27622839777758995 -0.04876107072137973 0.029722152076486666 -0.2791782870734589 2.0420972905554144 -0.1712379354258318 0 1.954023959297563 -0.15697154738817928
0.06012024048096192 -0.2588551391895543 -0.017682917269863672 0.03283017319822826 -0.2556650238204753 2.0216942825002446 -0.26606878553794494 0 1.926761640736793 -0.23279774155029392
0.08016032064128256 -0.2661731456629555 -0.0131598901007489 0.02985706752108594 -0.24658044511514537 1.9729492598876548 -0.3728230448699902 0 1.8967847834097424 -0.3067261645245151
0.1002004008016032 -0.2634370492841302 -0.00015857791313647257 0.060992359372612964 -0.24096151674495503 1.936830929603717 -0.46329912046529736 0 1.8641978940677766 -0.3786695604271388
0.12024048096192384 -0.27039546079313004 0.03971327540505843 0.03249955023638877 -0.22559545278333398 1.8831881246412092 -0.5736644749144005 0 1.8291078158719105 -0.4485457584692642
0.1402805611222445 -0.24822192004130628 0.0205866876333467 0.01450547418412902 -0.22964556142250533 1.8369447415590745 -0.6217550685058565 0 1.7916235015157231 -0.5162777109004548
0.16032064128256512 -0.2249310281874265 0.05250988126414897 -0.004905873226100872 -0.24381350238447483 1.787027345425299 -0.6831194303459702 0 1.7518557872854117 -0.5817935215437334
0.18036072144288576 -0.2091684649361413 0.06083380603236659 -0.0036755231180518482 -0.2434179794464724 1.742385037531801 -0.7502453461477192 0 1.7099171684201224 -0.6450264650603701
0.2004008016032064 -0.19590923026643114 0.09349202242219498 -0.030507001675393185 -0.2174782711333176 1.6551849839751078 -0.8229547607388297 0 1.6659215761263257 -0.7059149970958429
0.22044088176352705 -0.20033017628181715 0.1104727125401499 -0.026525237154611508 -0.2494190903886846 1.6056756097622522 -0.8387227186519981 0 1.619984156590156 -0.7644027554707481
0.24048096192384769 -0.18153757288855293 0.09923151425144468 0.010595611228610427 -0.2728394634074596 1.5927066416678597 -0.9087690535687959 0 1.5722210523214712 -0.8204385525923252
0.2605210420841683 -0.16681188314321696 0.08894043424309514 -0.010297418453731803 -0.2700524814753396 1.516574635857309 -0.9303392314257032 0 1.5227491861527944 -0.8739763592736046
0.280561122244489 -0.1807437085563774 0.08451645414178968 -0.024049590090162196 -0.2632718578853798 1.4611510274518276 -0.9686673280918748 0 1.4716860482054233 -0.924975280157995
0.3006012024048096 -0.15740383466832206 0.09478235202255424 -0.08140826442326093 -0.24105462673979927 1.4055326348281247 -1.0159842998012558 0 1.41914948612378 -0.9733995209573866
0.32064128256513025 -0.1568161148536225 0.08088957338987532 -0.06402290626377526 -0.2696986440159657 1.3660617426876462 -1.056834514693443 0 1.365257498867565 -1.0192183477215488
0.3406813627254509 -0.14684567621256225 0.08120798552573581 -0.09480922209884725 -0.27436922454610513 1.3090008855154798 -1.118448907825437 0 1.310128034339548 -1.0624060383657463
0.3607214428857715 -0.1551434141232247 0.09330739734990878 -0.11650671035365491 -0.29004417407193767 1.2339741098305135 -1.1636136328992621 0 1.2538787911148066 -1.1029418266920692
0.3807615230460922 -0.13595666792678368 0.06556488076337186 -0.1413965690221909 -0.2804830816994374 1.1771990158296677 -1.1542717725655423 0 1.1966270245250403 -1.1408098391479935
0.4008016032064128 -0.1272737990947364 0.06583872913711657 -0.1318646790192253 -0.2837176577562818 1.1142198804136911 -1.168340528355267 0 1.1384893573391985 -1.1759990245731171
0.42084168336673344 -0.11503731626663259 0.06660364550362338 -0.10402764046867752 -0.2697039887942588 1.062475310797233 -1.1956425663976473 0 1.0795815952690806 -1.2085030771918932
0.4408817635270541 -0.12040915379158382 0.05969140683664945 -0.10494068638193019 -0.28302060377526206 1.0079793862702258 -1.260657886471191 0 1.0200185475159231 -1.238320353116471
0.4609218436873747 -0.11479204600535049 0.058998358239880186 -0.11080562894907935 -0.30019504161326305 0.8884146526516127 -1.2770504852833535 0 0.95991385256114 -1.265453780629489
0.48096192384769537 -0.10354645293918838 0.059918293947855424 -0.12424135152328844 -0.2909885510736975 0.8747476933508272 -1.2734297988985233 0 0.8993798093915224 -1.2899107645218102
0.501002004008016 -0.11233078521367398 0.046101045368028 -0.09375664491787161 -0.2926527262457703 0.7917259459933688 -1.2621122676983574 0 0.8385272143362319 -1.3117030847647873
0.5210420841683366 -0.08743892430971405 0.05125570007624183 -0.10703192847188855 -0.26639537124914536 0.7161491759470089 -1.2984522103399048 0 0.777465203679926 -1.3308467898006635
0.5410821643286573 -0.1029860484411082 0.07251839598475943 -0.0920119853995782 -0.26671291349542997 0.6125572553201007 -1.2854204812088443 0 0.7163011022033315 -1.347362084738187
0.561122244488978 -0.08601839878408588 0.09470215965079957 -0.10618508554649189 -0.28197244106581726 0.5412969668945709 -1.2588616060499804 0 0.655140277789567 -1.361273214743424
0.5811623246492986 -0.08011678360680188 0.08974737664559589 -0.1449812906813138 -0.2791800337859433 0.5480677672765398 -1.271151765461877 0 0.5940860022215227 -1.3726083439181234
0.6012024048096192 -0.05764427810636362 0.10143004128941789 -0.15455374349391798 -0.23234246987463938 0.48662408808438606 -1.2744325579516769 0 0.5332393182826595 -1.3813994299598087
0.6212424849699398 -0.05087810569436618 0.0862718521543967 -0.17648664741340145 -0.25641235766634074 0.4178751516469833 -1.274246873534262 0 0.4726989132607036 -1.3876820948990658
0.6412825651302605 -0.06373269626927917 0.07864669930595743 -0.15419857741502696 -0.23157977692443543 0.31963792815474734 -1.269636853497679 0 0.4125609989409376 -1.391495492210254
0.6613226452905812 -0.06717072285260295 0.06817115080634512 -0.13059948910281294 -0.23501769715897916 0.29513635646808806 -1.2456787397250053 0 0.35291919816307926 -1.3928821705921262
0.6813627254509018 -0.0949914017133108 0.07623113558786918 -0.10156740684444396 -0.21108297386767233 0.26924415834541865 -1.2448380535068126 0 0.29386443800320433 -1.391887934714582
0.7014028056112224 -0.09913157883839922 0.07070240899016808 -0.10914847728102613 -0.23255627043404745 0.20731133920316466 -1.209254627490959 0 0.23548484962974486 -1.3885617032270319
0.721442885771543 -0.08465342841290319 0.050263572018834045 -0.11642435490700352 -0.204077600106404 0.1648892461632688 -1.1555711321145044 0 0.17786567487034496 -1.382955364322608
0.7414829659318637 -0.07619622729274281 0.0373725673525636 -0.14474909087546442 -0.20016709483794562 0.12246499245834551 -1.1650100928288567 0 0.12108917951429606 -1.3751236291507531
0.7615230460921844 -0.08495101334056242 0.05584786091796124 -0.1549108535872624 -0.21407434291957778 0.10050534421585905 -1.2011307578318287 0 0.06523457336339065 -1.3651238833685535
0.781563126252505 -0.088967117605577 0.034041666287718354 -0.15089408945952154 -0.17524774664249418 0.04956843989083546 -1.1948979236973452 0 0.010377937032387695 -1.3530160371185562
0.8016032064128256 -0.09272665613900526 0.026515288033704013 -0.15258864074944142 -0.22879654908572833 0.017590291289203835 -1.1987516034605568 0 -0.043407844511150956 -1.3388623737177723
0.8216432865731462 -0.1338794262105856 0.05280082797859145 -0.15933876920769294 -0.18201127621965454 -0.02466433973232302 -1.2159706615626569 0 -0.09605314168907732 -1.3227273973390854
0.8416833667334669 -0.15907426454513202 0.0706760745069698 -0.14329925422119702 -0.20245709640105436 -0.04777124429014486 -1.194944240616152 0 -0.14749163336927093 -1.304677679962417
0.8617234468937875 -0.14597718598722997 0.07828308996516944 -0.13401269415441477 -0.21152854199185633 -0.08018468633551326 -1.1491608894322167 0 -0.19766035327965806 -1.284781707868725
0.8817635270541082 -0.1205360829339802 0.07486642844938186 -0.14273082578313082 -0.21848926634259716 -0.10298070651777881 -1.090797684900211 0 -0.24649972983300394 -1.263109727945268
0.9018036072144289 -0.11540233480857758 0.07241633146169235 -0.12244197047351744 -0.21969904891488148 -0.13299231733243622 -1.0761610652336653 0 -0.29395361942592707 -1.239733594065564
0.9218436873747494 -0.11509205613082418 0.08343661196625261 -0.16041167965468844 -0.2131179110626656 -0.1642713769736378 -1.0634723529076673 0 -0.33996933328534823 -1.2147266138021129
0.9418837675350701 -0.0945799226688362 0.05376912194877396 -0.18524298037532672 -0.19162813301784323 -0.22093703807512488 -1.031167665912131 0 -0.3844976579450396 -1.1881633957242739
0.9619238476953907 -0.08729547960977235 0.08465298138029738 -0.16674052700240638 -0.1962114740940551 -0.24862252875694452 -0.9990778882187787 0 -0.427492869444055 -1.1601196975276986
0.9819639278557114 -0.088141835819285 0.10586778366390732 -0.19037601439071236 -0.1868706247876174 -0.2597601625700631 -0.996982055097813 0 -0.4689127413476197 -1.1306722752354095
1.002004008016032 -0.07891497700421808 0.10393136977041145 -0.17399400084663988 -0.17103245712301607 -0.279953657933758 -0.9816712864426859 0 -0.5087185466994888 -1.0998987337040593
1.0220440881763526 -0.05579175392059419 0.10354573467011478 -0.2210552179169831 -0.17562972424686077 -0.3314649628486291 -0.8879840910131325 0 -0.5468750540228825 -1.067877378662055
1.0420841683366733 -0.037926659871846166 0.11405350317918979 -0.19444719661215934 -0.1420644895538334 -0.3711501007214973 -0.8698395075328853 0 -0.5833505174948312 -1.0346870704991487
1.062124248496994 -0.03778553862844812 0.0941235568110923 -0.23454371822737174 -0.16952587210423148 -0.3763593733041287 -0.8900390497312121 0 -0.6181166614261385 -1.0004070800197826
1.0821643286573146 -0.042210624431063146 0.10363825074690229 -0.22812965329184193 -0.18811882683130404 -0.39277766371628986 -0.8795897139936548 0 -0.6511486591861632 -0.9651169463649422
1.1022044088176353 -0.03059904699903961 0.09101512665572348 -0.2383343771506191 -0.19706368702565566 -0.40596017071941704 -0.8587580281397914 0 -0.682425106718245 -0.9288963372995466
1.122244488977956 -0.0319545343870603 0.07684979803923583 -0.22046196183712763 -0.21230728685058575 -0.4497062773242929 -0.8530366190734657 0 -0.7119279907978526 -0.8918249120545036
1.1422845691382766 -0.042980507480566886 0.09032857688490385 -0.2664529446854074 -0.24725757245069033 -0.4600472622547853 -0.8218585344379342 0 -0.7396426521913845 -0.8539821869044789
1.1623246492985972 -0.013319898724986875 0.11472840486412947 -0.277784647244234 -0.24616369214381975 -0.5516229755673655 -0.7819859570242851 0 -0.7655577438790508 -0.815447403654223
1.1823647294589177 0.0022995007963153525 0.10307651649950489 -0.24930522018477938 -0.24320603965862 -0.5462057415465489 -0.7882689035589115 0 -0.7896651845103482 -0.7762994011979517
1.2024048096192383 0.014886760949941258 0.11201551807755729 -0.2731979515242471 -0.20596214825747938 -0.5746287182351622 -0.7788048952515704 0 -0.8119601072653643 -0.7366164903078225
1.222444889779559 0.013445765256969795 0.1259510533702935 -0.2776866433144571 -0.17659895951418048 -0.6137244027662124 -0.7434594763129881 0 -0.8324408042994554 -0.6964763317989937
1.2424849699398797 -0.00417655067745526 0.1274926813221232 -0.2864035368422486 -0.16146832528037508 -0.6171722996872226 -0.7335619476220866 0 -0.8511086669528048 -0.6559558182101249
1.2625250501002003 0.011825539533369785 0.10638613487505967 -0.2892141624981466 -0.13590393308633753 -0.6273076138145912 -0.676176264083731 0 -0.8679681219099002 -0.6151309591294833
1.282565130260521 0.027985887314610807 0.11536215422919276 -0.2918824085409427 -0.10807733837078344 -0.6727973686214633 -0.6134574435701841 0 -0.8830265634971567 -0.5740767702880742
1.3026052104208417 0.03515394791063908 0.09636144588570994 -0.26800161623965085 -0.10725075445627535 -0.6617029077095312 -0.5570735342424472 0 -0.8962942823096917 -0.5328671665324457
1.3226452905811623 0.05109345139627708 0.09874795286672619 -0.3065120468223875 -0.07712353915506957 -0.6749828456673871 -0.5179408040193908 0 -0.907784390360681 -0.4915748587810226
1.342685370741483 0.055627942031156355 0.0965535541129655 -0.2888430531444151 -0.11957560437803286 -0.6747489847293019 -0.5278971714574527 0 -0.9175127429487518 -0.45027125505903665
1.3627254509018036 0.058529846354572986 0.07140323375591705 -0.29352412034799785 -0.07177280751707653 -0.6472175075570188 -0.499485647063188 0 -0.9254978574405427 -0.40902636569834144
1.3827655310621243 0.06010811840155206 0.04816031971767921 -0.2665754992223432 -0.06856383700434003 -0.6706310571912661 -0.4518469804775681 0 -0.9317608291668611 -0.36790871277965154
1.4028056112224447 0.046665560841365084 0.03707046116919746 -0.2667783880043914 -0.05177965169759029 -0.6975323137210195 -0.3891036619281293 0 -0.9363252446318062 -0.32698524388604006
1.4228456913827654 0.030366671565768277 0.01389066281898407 -0.28320382810918265 -0.05043478299214531 -0.7176040449723508 -0.35962871461793283 0 -0.9392170922348124 -0.2863212502278751
1.442885771543086 0.040269738603695426 0.013513884049218912 -0.30057587090843035 -0.040528799947591274 -0.7386370491233673 -0.36064105075576997 0 -0.9404646707057971 -0.2459802891908045
1.4629258517034067 0.03523271121176596 0.01170605617712736 -0.30570789811740723 0.012079013185297693 -0.7194856624499328 -0.3281330882214307 0 -0.9400984954535 -0.20602411134988782
1.4829659318637274 0.04304947649708241 0.03633249318333901 -0.285098930989891 -0.024242386612903583 -0.7116502898305845 -0.2848569994267445 0 -0.9381512030266465 -0.16651259198458584
1.503006012024048 0.031358992713487195 0.018903876909956877 -0.282554069555092 0.005793622811768507 -0.7443047847676616 -0.24158095667505522 0 -0.9346574538867983 -0.12750366712101727
1.5230460921843687 0.04891297259049143 0.044441165876040314 -0.2959194565493931 0.02569952604212763 -0.7263908439218341 -0.197638873880553 0 -0.9296538336906682 -0.08905327411972264
1.5430861723446894 0.056630725706483295 0.007774811846546801 -0.28273739896396854 0.03476516986209235 -0.7143545395782529 -0.15975526884588753 0 -0.9231787532782572 -0.05121529681913097
1.56312625250501 0.054426525825853986 0.0036987831419014404 -0.2436865921277331 0.045671595539203455 -0.7609822526082657 -0.15858324569860313 0 -0.915272347561477 -0.014041515237027107
1.5831663326653307 0.036382678509658796 0.01184582159153514 -0.22739569541007534 0.04417818068847154 -0.753263880964727 -0.135389527638217 0 -0.905976373505906 0.02241844017543009
1.6032064128256511 0.031495997629679875 0.02465229559438174 -0.18694896543094697 0.039576090798888096 -0.7701907184923071 -0.09318794435376143 0 -0.8953341073960418 0.05811712974017154
1.6232464929859718 0.0444699974452339 0.024754851992093478 -0.2197927637197348 0.052743351269068574 -0.788921665416123 -0.07984982059810965 0 -0.883390241571846 0.09300934123961098
1.6432865731462925 0.036057016419223875 0.023502951741010907 -0.24079364305206516 0.06944599464219854 -0.7927612793872824 -0.07410531856096812 0 -0.8701907808215442 0.1270521221126356
1.6633266533066131 0.06954375140261945 0.04055962698266912 -0.24829693153395682 0.10483737283146338 -0.8005731608591606 -0.09057812719275292 0 -0.8557829386125559 0.16020480719391653
1.6833667334669338 0.06681132629757412 0.021733845889331124 -0.2253149270738003 0.10604832073861716 -0.7469749647921142 -0.05958784727830405 0 -0.8402150333390898 0.19242904203808783
1.7034068136272544 0.036821333588961315 0.04129409515088124 -0.18560343082052025 0.11823213263530286 -0.7744014459349896 -0.04841382999350774 0 -0.8235363847613778 0.22368880187698784
1.723446893787575 0.045873310458259556 0.04709843623040394 -0.1986047469002807 0.13465788941583115 -0.7696709181527297 -0.0309420149057141 0 -0.805797210807719 0.2539504062645746
1.7434869739478958 0.058929215287676716 0.03256901315949973 -0.1905171908640849 0.11465590417950695 -0.7673486580345003 0.0544709719631426 0 -0.7870485249064951 0.2831825294703303
1.7635270541082164 0.04375411718116837 0.04785345120580899 -0.1719004638400779 0.11789572863431942 -0.7650571310382632 0.07999289891086879 0 -0.7673420340111126 0.31135620668794767
1.783567134268537 0.022828292109536474 0.06236811880789195 -0.15201731861563114 0.11482264943529401 -0.755081641755493 0.10747782503849379 0 -0.7467300374764198 0.33844483613183507
1.8036072144288577 0.013227637525012704 0.06937630977380706 -0.11304749342119609 0.10072134445915101 -0.7433266788503526 0.13318245304677992 0 -0.7252653269405591 0.3644241770994856
1.8236472945891782 0.02434440162757042 0.09024537305940494 -0.12781868159331955 0.08861901699551634 -0.7522489813420765 0.17591149007776 0 -0.7030010873614694 0.38927234408302475
1.8436873747494988 0.013125315407810464 0.10755098456671038 -0.1120804365372211 0.1203641328395785 -0.7375449160446895 0.16473201877445962 0 -0.6799907993523314 0.4129697970182729
1.8637274549098195 0.029529425069870302 0.08650701141609934 -0.07811717406278162 0.1363591679701116 -0.7334207369872213 0.2197368714925297 0 -0.656288142955207 0.4354993277644289
1.8837675350701402 0.04752910276214627 0.08339468646612115 -0.12537527144538227 0.1515001199209392 -0.7293511499988087 0.24641565203854046 0 -0.6319469029869085 0.45684604291200864
1.9038076152304608 0.052807969686718206 0.09279854518336234 -0.11041994981942409 0.1638739654749457 -0.7065321336925208 0.25496169894097004 0 -0.6070208760858421 0.476997343020935
1.9238476953907815 0.07444061006624943 0.09022679121347615 -0.07165658127702375 0.14947265296236814 -0.6643055094947539 0.2679063817066096 0 -0.5815637795831236 0.49594289839468503
1.9438877755511021 0.0848010561328511 0.1029563765513932 -0.07177782495184806 0.1708373215718771 -0.6393594816673978 0.26983171311508075 0 -0.555629162315743 0.513674621500154
1.9639278557114228 0.09536177985177957 0.08407348305259774 -0.05156415172209888 0.1601269844195296 -0.6089751177601267 0.2906038794977429 0 -0.5292703174939389 0.5301866361463862
1.9839679358717435 0.09680110536181731 0.08439035639835302 -0.04550943627966685 0.16235967132481827 -0.5999399137815136 0.30433040358980257 0 -0.50254019772924 0.545475243538554
2.004008016032064 0.10591276031485412 0.07517742422302914 -0.028481052600670912 0.18284824635500738 -0.5814398864531161 0.34770353012542304 0 -0.4754913323238767 0.5595388853265372
2.024048096192385 0.10486991346604921 0.06973657549630458 -0.019801273451893205 0.19246506781592929 -0.5448313562708756 0.358100257071404 0 -0.44817574691643935 0.5723781037701641
2.0440881763527052 0.1041267276555714 0.0657645757006741 0.008501837932748413 0.1868300944575265 -0.5332722790467809 0.34358946607542906 0 -0.42064488557280555 0.5839954991456255
2.064128256513026 0.07689485585949923 0.044973965655707014 -0.0395932382401432 0.19599782932572127 -0.4905259906548296 0.34580404134797504 0 -0.39294953540544436 0.594395684519767
2.0841683366733466 0.07682732950962884 0.05645116437252755 -0.0024075759712787084 0.20304301653449913 -0.49436306689340925 0.39002875508438734 0 -0.3651397537983114 0.6035852380208894
2.1042084168336674 0.06698271553675814 0.05872983117879784 0.007743448877423256 0.2628456344783337 -0.509045242305218 0.3956537844004456 0 -0.33726479830858014 0.6115726527363794
2.124248496993988 0.06489191330771937 0.08597129615741642 0.02120643364564911 0.24436238187578327 -0.4634479699058119 0.3977587877580025 0 -0.30937305931055603 0.6183682843688999
2.1442885771543083 0.0875715373946444 0.09291216801052603 0.028045084564954914 0.27492824025311297 -0.453948763102097 0.39496125145741856 0 -0.2815119954411519 0.6239842967840569
2.164328657314629 0.07679682966230347 0.08229488692611162 0.0007122408833143684 0.2620626766416347 -0.4064735889915837 0.3925946870947291 0 -0.2537280719004263 0.628434605583376
2.1843687374749496 0.08404985631886863 0.10222392923315489 -0.02252657395757723 0.2458118650315259 -0.41008599407167234 0.3797204368324632 0 -0.22606670165477935 0.6317348198371099
2.2044088176352705 0.07791279768706968 0.11407017026160263 -0.01702681284106726 0.2545578002524485 -0.4243952826602279 0.3880260131678029 0 -0.19857218958455244 0.63390218211183
2.224448897795591 0.10320658565197655 0.10491579788619967 -0.014031090069007313 0.24380741515622745 -0.4267567671693739 0.37891253829618377 0 -0.17128767961199448 0.6349555069279673
2.244488977955912 0.09277135405649313 0.08803047716952592 -0.028994523439188336 0.24293756798148444 -0.4300558567873118 0.366624269258 0 -0.144255104839778 0.6349151177824345
2.2645290581162323 0.08915941925707334 0.09922430071423392 -0.04754384302759318 0.23333279437637944 -0.3951817859360188 0.3684647508724827 0 -0.11751514072459648 0.6338027828712016
2.284569138276553 0.08531011640641692 0.09696353083453722 -0.04371815397046051 0.23316628239287848 -0.37876758695078183 0.3397657557628652 0 -0.09110716130472551 0.6316416496462275
2.3046092184368736 0.07659823105093753 0.09958873812050537 -0.00706622094952399 0.19467304374875694 -0.3772143671406608 0.35455199026014145 0 -0.06506919849492973 0.6284561783404393
2.3246492985971945 0.08851324674915718 0.08844016270945716 -0.01797030033935051 0.2195743511178785 -0.3637045546904916 0.356217909226889 0 -0.039437904456615415 0.6242720745935564
2.344689378757515 0.09594515599871896 0.10266150455720262 0.005013055556582205 0.21036026085484352 -0.35162590734645227 0.3839582962142204 0 -0.014248517045810595 0.6191162213104291
2.3647294589178354 0.0656120383123488 0.08491306762282146 0.02822308929220575 0.2455197088269289 -0.31793135220357405 0.3786749077851863 0 0.010465171663731893 0.6130166098822536
2.3847695390781563 0.0741925260446669 0.09746789843048106 -0.007647372976903102 0.22746086411110547 -0.2912947758489874 0.4219271763177915 0 0.034670843790123494 0.6060022708995094
2.4048096192384767 0.06854912344604795 0.0750709486172463 0.0026144056207736007 0.25858640069096606 -0.2547750882908937 0.4320775614529168 0 0.05833768099848366 0.5981032044837757
2.4248496993987976 0.07384859265636937 0.07608206786334645 0.024774605506895902 0.2284136377151128 -0.25118341305400915 0.41794025948499797 0 0.08143638681940556 0.589350310363692
2.444889779559118 0.07311395241607398 0.07937550411684156 0.041428299736636774 0.1994450398505669 -0.1879195045266129 0.42727497513411933 0 0.10393920595327112 0.5797753178182887
2.464929859719439 0.06703783037823699 0.08620174125173109 0.06893038050888821 0.18314617626214313 -0.15797129033299903 0.4052932599071777 0 0.1258199405876176 0.5694107156086822
2.4849699398797593 0.07196113942351313 0.07706614692137997 0.08011408857751723 0.15329928815866736 -0.13363142932093602 0.4306494693287041 0 0.147053963759233 0.5582896820167559
2.50501002004008 0.05351242640161498 0.04931269206422745 0.12870943292091622 0.17686066937459774 -0.12773885136038507 0.42020502124611164 0 0.1676182297970531 0.5464460151069044
2.5250501002004007 0.07035620830686924 0.027566183041200253 0.14472690807938166 0.19101990091235777 -0.06630718343376284 0.4131639901299121 0 0.1874912818861208 0.5339140633242534
2.5450901803607215 0.0578264513682883 0.0147793734014361 0.20106926132480327 0.17968853743636795 -0.06922468490777811 0.4261634059506681 0 0.2066532567969608 0.5207286565399291
2.565130260521042 0.07017948873258212 0.016980072622547946 0.20618839311252335 0.1782286959761845 -0.05409580336168485 0.42805381097170236 0 0.22508588682860578 0.5069250376510247
2.5851703406813624 0.07749761041378722 0.029275269742077337 0.21067197540437976 0.13183264857518903 -0.013384585392388897 0.43049002351417304 0 0.24277249901728656 0.492538794839814
2.6052104208416833 0.06778259080263764 0.029324267135008276 0.25555592508737857 0.09881093421944409 -0.001961034265067294 0.4368538310923297 0 0.25969801166636397 0.4776057945935973
2.6252505010020037 0.05570634139704751 0.02033519302670053 0.2815769960375447 0.13770794488651897 -0.025184781007883888 0.43272295763823154 0 0.27584892825651836 0.4621621155832524
2.6452905811623246 0.05451245279680044 0.035360105076188815 0.29910772851935497 0.14008584419618936 -0.020477960129287077 0.4185081368054286 0 0.2912133287984656 0.4462439834951685
2.665330661322645 0.06174266625215842 -0.005212706071675374 0.32045081909522266 0.11123199680753576 -0.006813393249397724 0.41669321933932296 0 0.30578085869354454 0.42988770690776407
2.685370741482966 0.06031693639717324 0.008564474162838719 0.30738565718077615 0.12045200830361444 0.021647755679126274 0.42060079716944115 0 0.3195427151704513 0.4131296143001938
2.7054108216432864 0.0463975564175197 0.005365185334527649 0.37414912866993677 0.07229610800561884 0.08203421974375447 0.422489633812636 0 0.33249163136911813 0.39600599227722366
2.7254509018036073 0.03768480932591664 0.042062024251267 0.38149725542174673 0.04288861596796306 0.06318388483362995 0.367050132500402 0 0.34462185814532087 0.3785530250905068
2.7454909819639277 0.04670195049409309 -0.008297919635170079 0.3841064729509985 0.006915887197147735 0.09672455857201875 0.3987266277371201 0 0.3559291436719686 0.36080673553273507
2.7655310621242486 0.03764370204037781 -0.0035851633326979184 0.36435045421139384 -0.009639108484200647 0.12146980649571253 0.3405700241109802 0 0.3664107109152681 0.3428029272772806
2.785571142284569 0.025413590571628432 -0.004100685146089965 0.37423097965056484 -0.054340390859158295 0.11542128292089593 0.3427908111366203 0 0.37606523306597117 0.3245771287320825
2.8056112224448895 0.0440431142337182 -0.008993532053363095 0.37637774718658834 -0.06551059359505676 0.15184973709037966 0.3389827243948793 0 0.3848928070077994 0.3061645384725873
2.8256513026052104 0.05397896255419008 -0.0145572080367918 0.3513326692615832 -0.0679161970638465 0.17888073167868387 0.3095813440876107 0 0.39289492490680855 0.2875999723146184
2.845691382765531 0.03798475439185629 0.0070003647396880255 0.3811297171800152 -0.09715149256126976 0.19877426958735037 0.2897840985034835 0 0.40007444400698133 0.2689178120840609
2.8657314629258517 0.052502184225201975 0.02786486086653559 0.3721223448159581 -0.11160103363169947 0.1970918369673174 0.2533075080154992 0 0.40643555471867193 0.2501519561362479
2.885771543086172 0.042134533978517366 0.006389163389450483 0.34226443246891075 -0.16106460218583923 0.2397540625810499 0.22158801807735096 0 0.41198374708768576 0.23133577167394667
2.905811623246493 0.054732336060971935 -8.428508990952321e-05 0.27707943871894036 -0.15735614419783805 0.2615134281170177 0.21389529194765936 0 0.4167257757337837 0.21250204890880925
2.9258517034068134 0.06823231193875165 -0.0111801266088073 0.25969133449029513 -0.20247934142582405 0.2900757086375314 0.20334336097583602 0 0.42066962334821173 0.1936829571071739
2.9458917835671343 0.048627582317599116 0.018603142807108095 0.2611163561139796 -0.1917446201605329 0.28810381087261355 0.17173977539337976 0 0.42382446284052533 0.17491000255708214
2.9659318637274548 0.07261685142685989 0.004427959182485215 0.22909382069882264 -0.17263026797604947 0.29408006082489974 0.15859565459547847 0 0.42620061822545935 0.1562139884894243
2.9859719438877756 0.06790677150360769 -0.021115244060919913 0.26647216013406344 -0.18653904141937425 0.27176623828462754 0.13651753818694617 0 0.42780952434093084 0.13762497698214765
3.006012024048096 0.10718083728753248 -0.02901881380411853 0.2674998497015857 -0.21727142632538243 0.2647244920405015 0.13569221441050036 0 0.42866368548842265 0.11917225287255986
3.0260521042084165 0.08114682505129006 -0.024274135948404676 0.28067128172599903 -0.2203494991835453 0.24272546184918672 0.12480739056448764 0 0.4287766330870116 0.100884289698848
3.0460921843687374 0.08506575854451155 -0.04283828280049916 0.2697066524586131 -0.2236315238659363 0.25830711917932986 0.1301236038062567 0 0.428162882432157 0.08278871768810611
3.066132264529058 0.08938929334873669 -0.04018016344695527 0.18905068087779778 -0.23533616154467152 0.2304690197691694 0.08685429386695293 0 0.42683788865007316 0.0649122938043517
3.0861723446893787 0.06331490127907488 -0.022640714986432164 0.17148577542912027 -0.2481457139138924 0.2537278316973944 0.0836328166479545 0 0.4248180019380628 0.047280873866261224
3.106212424849699 0.021170103416400705 -0.014423198214367234 0.16713282983867955 -0.27038918384778166 0.34227580555960296 0.05010364325788062 0 0.4221204221806067 0.029919386740680287
3.12625250501002 0.033881618057854286 -0.013220153685162063 0.1253062043525192 -0.27858368524295046 0.3234515367422501 0.021718415163618575 0 0.41876315303027273 0.01285181061431405
3.1462925851703405 0.04402372451278058 -0.0374941157114004 0.11100509191004866 -0.30054060297914953 0.3337684361647709 0.01407594545029946 0 0.41476495554164894 -0.00389884865753116
3.1663326653306614 0.040799342469015114 -0.02525245606363703 0.09459544386663817 -0.2808361497310952 0.33853109580158897 0.028202013950195372 0 0.4101453014455067 -0.020310577129795258
3.186372745490982 0.03535736820693806 -0.0209234777938703 0.12684812144666116 -0.2697309995411859 0.33489443734231766 0.005686522224424997 0 0.40492432614928275 -0.036362370282126556
3.2064128256513023 0.031341668102564724 -0.01689375084591235 0.1319829072728357 -0.29256506994265 0.3630497973634816 0.029109405100194063 0 0.39912278154871544 -0.05203424848033644
3.226452905811623 0.03440769435444518 -0.0491524529839365 0.1280598831717881 -0.25998980176783393 0.3119950984299673 -0.005860554766236479 0 0.3927619887341159 -0.06730727039944687
3.2464929859719436 0.04526423828742288 -0.046700336542704446 0.11355480435315919 -0.28043593961304386 0.29268321453703616 -0.02814085228534633 0 0.3858637906732689 -0.08216354442609818
3.2665330661322645 0.035301257303511066 -0.05204730875302095 0.13601581668819768 -0.26193172135689463 0.3047522499686481 -0.04130177889490726 0 0.3784505049513731 -0.09658623806114586
3.286573146292585 0.03732722853425121 -0.06135640169162626 0.15790961244719243 -0.27537728405573086 0.3103700315368419 -0.004398214350689144 0 0.3705448766467424 -0.11055958534622858
3.306613226452906 0.0422905034798266 -0.060145534326357136 0.11794338266165064 -0.2800756700419894 0.31619929398737595 -0.04155965306222223 0 0.3621700314191914 -0.12406889234097604
3.3266533066132262 0.02807941178244571 -0.05037885248189679 0.12554677217120103 -0.2941580921496766 0.31854869535858477 -0.08015467258652208 0 0.35334942888615084 -0.1371005406802678
3.346693386773547 0.017312265799247013 -0.047192839595721195 0.10623410267687283 -0.30258886940392227 0.3596313618726228 -0.06876288724281827 0 0.34410681635957535 -0.14964198924363656
3.3667334669338675 0.010304042579264315 -0.020337926378886453 0.07731041208179215 -0.2794770693033711 0.33883088959651547 -0.12796711486198445 0 0.3344661830146557 -0.16168177397144104
3.3867735470941884 -0.004337811661581327 -0.02033723376722896 0.0570359856325459 -0.28481982964059904 0.30646596797669423 -0.17766831563612606 0 0.32445171455919897 -0.17320950586489833
3.406813627254509 -0.020426685442539783 -0.036678459598251834 0.07504625304009765 -0.2797506692124105 0.3078672273718198 -0.16101746439867665 0 0.31408774847033893 -0.1842158672093787
3.4268537074148293 -0.01671628261437994 -0.00712948260830511 0.09604527271163553 -0.3029366304036229 0.30998251926628034 -0.1641696573474248 0 0.3033987298629471 -0.194692606062604
3.44689378757515 -0.03411004763988035 -0.006586780116119171 0.09753664746493902 -0.2761987776538893 0.2942511240396807 -0.18425648169419628 0 0.2924091680517785 -0.20463252905148133
3.4669338677354706 -0.019669449024788507 -0.004259511536040282 0.07872004925794979 -0.31614313449812265 0.30790388989458634 -0.19276758121082974 0 0.2811435938669817 -0.2140294925233026
3.4869739478957915 -0.009500946537507677 0.002955860401474425 0.04291401560008536 -0.30334660933328506 0.27540417556389335 -0.190450204318721 0 0.26962651778013763 -0.22287839209891347
3.507014028056112 0.006213684529901762 0.008162357444612958 0.022134770940199524 -0.32892070653562416 0.22840098758704305 -0.19234395681723765 0 0.25788238889550796 -0.23117515067720296
3.527054108216433 0.006349389259781878 0.013260213771961824 0.006212106479982168 -0.35624734887938636 0.22080954830310948 -0.20699184171156454 0 0.2459355548586017 -0.2389167049419141
3.5470941883767533 0.026931798698374327 0.0035075497932924703 -0.002322506779289278 -0.34970923265492504 0.216895279219936 -0.18811369381970033 0 0.2338102227316091 -0.24610099042328343
3.567134268537074 0.040794617052520306 0.0011555818860283652 -0.027773111398817506 -0.36251445550392425 0.20880832422273543 -0.22392107538329512 0 0.22153042088261526 -0.25272692516842593
3.5871743486973946 0.05040162748490442 -0.0007090863315910068 -0.07924111320640857 -0.35465826161199426 0.1852151657606653 -0.2685237540566909 0 0.2091199619328788 -0.25879439207565574
3.6072144288577155 0.04562720612018285 0.00020403041981289838 -0.05614057519379916 -0.32999159287427565 0.1692313507906501 -0.26807300789662364 0 0.19660240680377944 -0.26430421994910264
3.627254509018036 0.05349502544388393 -0.0130956183584018 -0.07264767324291505 -0.36163255804554695 0.12758805587342661 -0.24615923534006923 0 0.18400102990237027 -0.26925816333101993
3.6472945891783564 0.07121946198349254 -0.01570676101837052 -0.08942651105155053 -0.3444983281924734 0.10081578969071481 -0.2790167190663489 0 0.1713387854817577 -0.27365888117011444
3.6673346693386772 0.07168181837197433 -0.013012207902102016 -0.07735497018457757 -0.33922154458829573 0.12043278644581022 -0.2715127886458484 0 0.15863827520984475 -0.2775099143850316
3.6873747494989977 0.10376926859489186 -0.006440480186484196 -0.12824482253969632 -0.3475363076193289 0.1119723146848318 -0.28403852913205024 0 0.1459217169772546 -0.2808156623828255
3.7074148296593186 0.09586352329403201 -0.01836727410044887 -0.12449146851785836 -0.3051790815209847 0.08907580463657377 -0.22004194382150158 0 0.1332109149725488 -0.28358135859282413
3.727454909819639 0.09167608151730253 -0.026366595593916634 -0.1498476568976185 -0.27390445501119604 0.05565619952858078 -0.2474927303625058 0 0.12052723105016239 -0.2858130450767581
3.74749498997996 0.07382213246661032 -0.018550537656025167 -0.16378889981468608 -0.2509451489429851 0.0420563153380531 -0.23418597077625858 0 0.10789155741377651 -0.2875175462763842
3.7675350701402803 0.0647378226850338 -0.00951909137342394 -0.15730496241507244 -0.2775944873789308 -0.0019597862919537206 -0.23587341697369288 0 0.09532429063519213 -0.2887024419600681
3.787575150300601 0.038759368332442624 -0.03493953485282566 -0.13090937037599626 -0.24371872144217033 0.01772160691292898 -0.20775519134563208 0 0.0828453070260957 -0.2893760394299308
3.8076152304609217 0.021202831664714455 -0.03803064899179035 -0.12835302811128912 -0.23335789338201401 -0.018227465906731254 -0.19516259470957978 0 0.07047393937749588 -0.2895473450511869
3.8276553106212425 0.03540401776273948 -0.0600813890834412 -0.14030388241368277 -0.2461024915796949 -0.018712886409000266 -0.2054942157411157 0 0.05822895507898732 -0.289226035165228
3.847695390781563 0.03862472054200207 -0.032870253059855845 -0.17621251811728272 -0.24495818089487326 -0.015660985160594505 -0.24123113747745875 0 0.0461285356274435 -0.28842242644782207
3.8677354709418834 0.02605053646245262 -0.03607555651482746 -0.17658627088041928 -0.24953010101638065 -0.025343558438756447 -0.24218161148303385 0 0.034190257532184715 -0.2871474457735203
3.8877755511022043 0.0162634826680814 -0.06827604830564356 -0.20022571221333024 -0.23072734744135992 -0.043947507636182756 -0.23676467542248042 0 0.022431074621183916 -0.28541259964698695
3.9078156312625247 -0.006538730383701042 -0.055456340966956626 -0.1693950785295659 -0.24164429372914065 -0.02914606039921165 -0.24239812076334658 0 0.010867301750405038 -0.28322994326149187
3.9278557114228456 0.012973445405222415 -0.048738943282012 -0.16982137324829688 -0.2084156666883743 -0.02010802712949528 -0.2486652272800052 0 -0.0004854000840428117 -0.2806120492442413
3.947895791583166 0.025360898622569836 -0.04764592161018035 -0.18203811196514852 -0.2085432009209787 -0.028598891275031124 -0.24259556436487495 0 -0.011612037233607425 -0.27757197614756984
3.967935871743487 0.019937602515468198 -0.08084207828092621 -0.16882979823273228 -0.18557696839317298 0.0024716592657428238 -0.21088839257529374 0 -0.022498295489850637 -0.2741232367442703
3.9879759519038074 0.024837813879251873 -0.06870463797830152 -0.15919535511431146 -0.2035660631869337 -0.013284768529511637 -0.20802927913091757 0 -0.03313055078910159 -0.2702797661845174
4.008016032064128 0.03426391504580411 -0.08340277449120785 -0.21208679824513474 -0.19237064570619608 -0.06182241347001762 -0.21722801125766233 0 -0.04349587853866418 -0.266055890070932
4.028056112224449 0.0055294271068390115 -0.09600717616741415 -0.1868617163241843 -0.18627247110986137 -0.053126687084336065 -0.2005033503434044 0 -0.05358206157616416 -0.2614662925073511
4.04809619238477 -0.035191154659238666 -0.08924691553377864 -0.17549231659425668 -0.17734682691467366 -0.06879005520371986 -0.2207077430027657 0 -0.06337759677571021 -0.2565259841758085
4.06813627254509 -0.02644471394651628 -0.10624618161368905 -0.15459026190004885 -0.15322918096380625 -0.09173211002500993 -0.17495486895111811 0 -0.07287170031655547 -0.25125027049510495
4.0881763527054105 -0.028070677187522566 -0.12884943710331404 -0.14319092567854205 -0.15671060428925582 -0.0780283877991369 -0.1351089355315312 0 -0.08205431163189483 -0.24565471991314516
4.108216432865731 -0.020025413017478875 -0.09676344212280753 -0.16745548548612335 -0.1512454489502071 -0.057337179562239826 -0.1755686295192991 0 -0.09091609605730841 -0.23975513238396545
4.128256513026052 -0.031533391588886406 -0.13082063536982236 -0.18186139162837503 -0.1290292225333991 -0.0744513838026543 -0.15818470409019011 0 -0.09944844620018388 -0.2335675080790435
4.148296593186372 -0.01626070282457378 -0.10720756739546108 -0.188592714198293 -0.11067860559162032 -0.12566108289953173 -0.14696132079272312 0 -0.10764348205317392 -0.22710801638110986
4.168336673346693 0.0019080938711926888 -0.08943067356110511 -0.20362477462798115 -0.13270571004261297 -0.12666707403505092 -0.10343574172693012 0 -0.1154940498764211 -0.22039296520724272
4.188376753507014 -0.02053985854305732 -0.08277819084441357 -0.18762943116110975 -0.12646709780197357 -0.11264251872662091 -0.12259573343336555 0 -0.12299371987486112 -0.2134387707065467
4.208416833667335 -0.0184246023356067 -0.07045443836680958 -0.19276837959008114 -0.12204924898432114 -0.06805950552611773 -0.11126796965874329 0 -0.13013678269844245 -0.20626192737617835
4.228456913827655 -0.01399021843588941 -0.05733201332892294 -0.1866507770092524 -0.1338207029496453 -0.06111466567405187 -0.1450520700721417 0 -0.13691824479452433 -0.1988789786379131
4.248496993987976 -0.012308858882595624 -0.048715141461560627 -0.15894540615567607 -0.09020660675262195 -0.06551242684095511 -0.15568038631685915 0 -0.14333382264308195 -0.1913064879158265
4.268537074148297 0.01866172468388707 -0.031003581443065007 -0.18407620175627867 -0.086400933857666 -0.09491369803945633 -0.13772820561620833 0 -0.14937993590662174 -0.18356101025402
4.288577154308617 0.01264108976391422 -0.05991569286616812 -0.16257769941493827 -0.07394383517606828 -0.09462457307095674 -0.15445889358967577 0 -0.15505369952791737 -0.17565906451162377
4.3086172344689375 0.0018143816540899982 -0.0513173705224746 -0.15992768413713648 -0.07948588315291827 -0.09004861665147526 -0.18614995190330114 0 -0.16035291480979197 -0.16761710617060577
4.328657314629258 -0.009378008156673482 -0.04887451764758546 -0.1561167935020509 -0.09109107713765278 -0.08965030179726681 -0.17349004019850975 0 -0.16527605951221278 -0.15945150079017487
4.348697394789579 -0.04537675946371388 -0.024877104320490204 -0.15768375224740938 -0.09728618279640229 -0.09198213029955975 -0.20125675829957929 0 -0.16982227700293173 -0.15117849813979437
4.368737474949899 -0.0313841623027314 -0.029289346807243058 -0.17683458537093472 -0.10371292198994421 -0.08399931462232119 -0.1924592361556238 0 -0.1739913644987774 -0.14281420704105174
4.38877755511022 -0.03632483751564304 -0.04938932988862796 -0.1480395992852724 -0.12227073008567375 -0.08375613546542278 -0.2001164009144321 0 -0.17778376043551025 -0.13437457094682317
4.408817635270541 -0.026462554479332177 -0.05748627611368381 -0.14042471986562668 -0.10680362865575113 -0.12262639315070145 -0.2326568252715311 0 -0.18120053100486813 -0.12587534428437178
4.428857715430862 -0.006865515455275287 -0.05221067269623413 -0.13801242296949012 -0.1046620845271971 -0.13561215063804752 -0.2334313997899249 0 -0.18424335589807542 -0.11733206958718544
4.448897795591182 -0.004610036716017853 -0.05164686251829699 -0.15447744318661832 -0.11583627766754565 -0.15820846461072077 -0.22049620643374038 0 -0.18691451329564537 -0.10876005543854922
4.468937875751503 0.0002141921186825646 -0.048264559205100144 -0.1495138326203244 -0.08080453522938147 -0.17587568868473985 -0.2691129930196649 0 -0.18921686414379263 -0.10017435524800886
4.488977955911824 -0.022010776182095047 -0.04717649330441283 -0.1614242268033592 -0.06650786657065784 -0.17972534739901477 -0.2778180350137096 0 -0.19115383575817363 -0.09158974688006506
4.509018036072144 -0.01592383162423148 -0.02671626574200249 -0.15618798080386825 -0.07675259595973091 -0.18729639443112173 -0.26777121251961944 0 -0.1927294047960079 -0.08302071315260258
4.529058116232465 -0.04032658559336855 -0.031892719410831195 -0.1576936974025353 -0.04424161842029962 -0.19031831537172095 -0.2831444101634646 0 -0.193948079637879 -0.07448142322075015
4.5490981963927855 -0.03709971563301019 -0.048683428077062746 -0.15348502126419486 -0.021266985811860498 -0.22350083795080566 -0.26823534054046666 0 -0.19481488222069615 -0.0659857148600616
4.569138276553106 -0.06499054532983826 -0.04562084271480111 -0.13385978946853022 0.004946434812930519 -0.2176511487318718 -0.25854588747404217 0 -0.1953353293634012 -0.05754707766110178
4.589178356713426 -0.07129907418349735 -0.04059312982184747 -0.10586000917589049 0.04861475734130084 -0.2508997260532296 -0.23632660721686174 0 -0.19551541362703606 -0.04917863714575468
4.609218436873747 -0.10472312097645489 -0.03284728504449335 -0.10102697373170377 0.053309470740464625 -0.2542823531063895 -0.20004826809796403 0 -0.19536158375074877 -0.04089313981379901
4.629258517034068 -0.1063410246002078 -0.02011836004074052 -0.10227328528153501 0.06548494445391498 -0.2591026432007132 -0.18830349609714434 0 -0.1948807247052063 -0.03270293912656481
4.649298597194389 -0.1032061624776929 -0.044521916724832966 -0.10297598556336804 0.10965995531841664 -0.2881568390557874 -0.17460158808517331 0 -0.19408013740470687 -0.024619982432753772
4.669338677354709 -0.09269010419941594 -0.07387086506231999 -0.1123354092735901 0.10703886397663259 -0.31182364442360794 -0.13969382545607612 0 -0.19296751811904195 -0.016655798839825823
4.68937875751503 -0.07847433361184873 -0.06879970614538124 -0.12422295625932091 0.08949175206906398 -0.31317366309823114 -0.11815318731956011 0 -0.1915509376258498 -0.008821488032679495
4.709418837675351 -0.08488342053661876 -0.05640944614999262 -0.11375457636107682 0.09149913458889511 -0.31128958951569446 -0.12458703456308985 0 -0.1898388201438341 -0.0011277100397286538
4.729458917835671 -0.09838556035359095 -0.057106385698982964 -0.1042301089711452 0.048020796133602286 -0.30012933398167074 -0.1089408202329128 0 -0.1878399220867898 0.0064153240551367485
4.749498997995992 -0.0885562617928697 -0.03022768197198696 -0.11369280709694568 0.051229521032251556 -0.30729451925031215 -0.11177867246148111 0 -0.18556331067788706 0.013797860457776704
4.7695390781563125 -0.06873912938957495 -0.026258747292157717 -0.13215223530806988 0.02329918909253832 -0.31652863756602406 -0.12606954480506827 0 -0.18301834246312157 0.021010610070816987
4.789579158316633 -0.06775485641635182 -0.050467827347675895 -0.16951190356145024 0.04534422558825087 -0.27076399612108853 -0.1058171367430507 0 -0.18021464176223254 0.028044754968560917
4.809619238476953 -0.038721332910273 -0.05677134407113356 -0.1329374383316549 0.08429211651955562 -0.29439378132757393 -0.02337656305833053 0 -0.17716207909474024 0.03489195394734536
4.829659318637274 -0.026815820629492435 -0.05035253631431303 -0.12385074402958209 0.06246940375541012 -0.31266474680574613 -0.011170160096857496 0 -0.1738707496180462 0.041544347160310593
4.849699398797595 -0.005885221353302043 -0.033600825164290825 -0.07924635823503079 0.05340723287090131 -0.33113914818234025 0.011887731674094465 0 -0.1703509516137901 0.047994559846914336
4.869739478957916 -0.008677288100996189 -0.04295121541778178 -0.08323089024909434 0.07547918471516284 -0.3357920833599502 0.044844733415725396 0 -0.16661316505785198 0.054235705168855126
4.889779559118236 -0.03794031438626803 -0.053423585729515354 -0.0628190690189778 0.052942764698088673 -0.33979318871991077 0.019849764630369127 0 -0.1626680303085506 0.060261386165338326
4.909819639278557 -0.05789770566079616 -0.021790473016592836 -0.05861195894577135 0.053342348083705846 -0.2820475706423877 -0.010158544846107167 0 -0.15852632694669913 0.06606569684185726
4.929859719438878 -0.07244667282637042 -0.016943765671718906 -0.07952957936175963 0.03370797548729148 -0.27684466071770325 0.021601518368282457 0 -0.15419895280026 0.07164322240783723
4.949899799599198 -0.05492862833929002 -0.00011132257704336679 -0.07349677143088638 0.04463189616509241 -0.3123996308283215 0.012565286969342322 0 -0.14969690318537224 0.07698903867963301
4.969939879759519 -0.053716168851860535 -0.01305794465158195 -0.08337472207846627 0.06831584851501814 -0.34308786063388014 -0.0023407954078819688 0 -0.1450312503945343 0.08209871066644572
4.98997995991984 -0.06202429310131876 0.02393916738295763 -0.03731572448917194 0.053648087131847745 -0.3268659173330836 -0.0365693908262731 0 -0.1402131234616972 0.08696829035775815
5.01002004008016 -0.06567872432384268 0.014722517998220712 -0.04360328800147371 0.06503955796410897 -0.3330230803783409 -0.011879203774924222 0 -0.13525368823295875 0.09159431373187304
5.03006012024048 -0.053262146486779474 0.034569056298982104 -0.0351066701985054 0.06486018680418011 -0.3505743021628137 0.01681746470523478 0 -0.130164127770471 0.09597379700605943
5.050100200400801 -0.07765257395393327 0.02685259096301284 -0.07056652262898361 0.08101289648235423 -0.345178396433151 -0.024885001752736235 0 -0.124955623116057 0.10010423214969172
5.070140280561122 -0.08948725260412328 0.019117177152261685 -0.06539000458504475 0.09740240278129132 -0.3177884030006456 -0.02776039486780305 0 -0.1196393344399046 0.10398358168258227
5.090180360721443 -0.0762809505727558 0.04980419788758126 -0.05830614350272386 0.09919392209170416 -0.3293066411007301 -0.02174132792112937 0 -0.11422638259854444 0.1076102727814824
5.110220440881763 -0.07466719836712875 0.07534718595772223 -0.060568201971911144 0.10365869790244901 -0.2949069864378874 -0.048378740350464904 0 -0.1087278311251539 0.11098319071843225
5.130260521042084 -0.0973324678185743 0.051701949677915 -0.04583254529319126 0.17897961016292502 -0.33968540257404733 0.020600844866455074 0 -0.10315466867403644 0.11410167165530528
5.150300601202405 -0.10057643961353475 0.049672201691581236 -0.051311306775114716 0.16266702306532044 -0.31894678325358067 0.04868522824917511 0 -0.09751779193993003 0.11696549481949188
5.170340681362725 -0.09274382426895958 0.04500318205460092 -0.03608704799200858 0.18115058422009797 -0.31169580305877637 0.048107585829337614 0 -0.091827989071579 0.11957487408622428
5.190380761523046 -0.07034191079113672 0.061723684775479154 -0.011956296464386104 0.18750968513823021 -0.30682005146009106 0.04468877128738871 0 -0.08609592359778928 0.12193044899353568
5.210420841683367 -0.07701576017026947 0.09068412040665477 0.012077708755384163 0.1582927060848624 -0.2660826230648038 0.06097561009845223 0 -0.08033211888295927 0.12403327521629107
5.2304609218436875 -0.049601580798975066 0.08391392335154295 0.05265789267137077 0.13438539339405775 -0.2817141121757831 0.12305622639267856 0 -0.07454694312784081 0.12588481452611883
5.2505010020040075 -0.0306592205938946 0.10598335433880277 0.04484890930083384 0.09695978087096573 -0.26145162684973494 0.13600605756499598 0 -0.06875059493005885 0.12748692426440528
5.270541082164328 -0.058189873097122556 0.09348154555213263 0.02785881655173142 0.10326313095435652 -0.24791735578164542 0.12335700348141014 0 -0.06295308941767759 0.12884184635580087
5.290581162324649 -0.051644991492130234 0.10419038410848565 0.04913727807972519 0.1083263938418388 -0.18746188475814524 0.1526896443636581 0 -0.05716424496787647 0.12995219588991552
5.31062124248497 -0.06710920622774871 0.1173201863530767 0.03918937435092994 0.08371648575864925 -0.17195838380862188 0.15470627047040458 0 -0.05139367052156174 0.13082094929906482
5.33066132264529 -0.05298999953073291 0.11929763209038843 0.026073450999609338 0.07561340771144197 -0.1846724028377502 0.1680354419146688 0 -0.04565075350352708 0.13145143216005487
5.350701402805611 -0.03059285274107432 0.1314562247457465 0.06514215384558708 0.059872698490761184 -0.1629440489625865 0.13799397540168365 0 -0.03994464835655599 0.1318473066480761
5.370741482965932 -0.05624631558713758 0.12856221913999166 0.0965891050428855 0.06845417372614578 -0.13660425461486356 0.15341292107180346 0 -0.03428426569666136 0.1320125586708052
5.390781563126252 -0.05241828720664901 0.13301513663483433 0.08341774087642546 0.054066867642792185 -0.16156986266660264 0.12039990465575869 0 -0.028678262095457194 0.1319514847107994
5.410821643286573 -0.05543010125840823 0.12482058810478383 0.08746985174891055 0.0751586753341513 -0.16645338916066155 0.14464390297318383 0 -0.02313503049448549 0.13166867840420052
5.430861723446894 -0.06495831637324072 0.1021398534692079 0.09378465433316109 0.07802744261015984 -0.14842644779386086 0.16957464523648752 0 -0.017662691255158177 0.13116901688365787
5.4509018036072145 -0.0606970719507853 0.14063615680296185 0.06632941331233075 0.042284829306825866 -0.15275504002866888 0.14976576871994118 0 -0.01226908384682012 0.13045764691322273
5.4709418837675345 -0.06675148786615169 0.17712309038798035 0.08293317529654108 -0.01112309683958303 -0.16155613744670824 0.14250036170676203 0 -0.006961759174320422 0.12953997084276794
5.490981963927855 -0.04205703985176815 0.17812207097015445 0.06278932344161892 0.008312006443945039 -0.17426637155458022 0.1393513793366219 0 -0.0017479725453640638 0.12842163240924487
5.511022044088176 -0.020935138951657554 0.1602430281144476 0.03238866954345282 -0.028184415760951848 -0.15049356990595233 0.17432008257069623 0 0.0033653227231637173 0.1271085024118066
5.531062124248497 -0.014419500086938302 0.19317752710219105 0.03298024880543844 -0.01975407658766091 -0.14732466145679357 0.1603756661388952 0 0.008371481061779816 0.12560666428750333
5.551102204408817 -0.014044478447461754 0.17987028345179318 0.05460109201265596 -0.0043016786783115785 -0.19386842592018977 0.13883633845794108 0 0.013264169770802815 0.1239223996138933
5.571142284569138 0.011233132541694685 0.1643911535320566 0.07304810212569343 0.038649511094142094 -0.20942292730246537 0.1251804557568134 0 0.018037373512500163 0.12206217356451435
5.591182364729459 0.02021438072417235 0.14056413930670827 0.08723385561674565 0.0072291777399659755 -0.19664333421671523 0.13016176015602135 0 0.022685398177894264 0.12003262034272603
5.611222444889779 0.033774729908572665 0.1252061379887424 0.10814010530292871 0.0017627620972589717 -0.17684957672555038 0.14510405586322836 0 0.02720287413410535 0.11784052861896151
5.6312625250501 0.06612197921926388 0.12105272980069418 0.10383244946027538 -0.012381518162081495 -0.2116309311053381 0.12193587541895205 0 0.031584758859033016 0.11549282699592686
5.651302605210421 0.06932978025859844 0.11291470032603762 0.06705203636313603 -0.015299144334023507 -0.20816099746085084 0.142774740754338 0 0.03582633897107871 0.11299656952575221
5.671342685370742 0.09252923680538311 0.09247959367933631 0.09588313350382753 0.0011959566068266594 -0.2034830613992067 0.11590606117329105 0 0.0399232316624863 0.11035892130253222
5.691382765531062 0.06475475021628826 0.13493297371408522 0.10698794236570708 -0.004405989473752532 -0.147979383947844 0.1251325312352626 0 0.04387138554570848 0.10758714415310458
5.7114228456913825 0.04823516592055373 0.13427162177225985 0.13518566062763315 -0.039411441554307 -0.1593497769178459 0.13633041696069845 0 0.047667080923016976 0.10468858244829253
5.731462925851703 0.05102490775817097 0.13796429446209846 0.13390108211311322 -0.07288844748366156 -0.17579506025961308 0.17212582704329268 0 0.05130692949034162 0.10167064905619681
5.751503006012024 0.03442544475449146 0.15502379139801545 0.11611520618958991 -0.06800472661537457 -0.15092046092240055 0.16643861471954327 0 0.05478787348706729 0.09854081145844912
5.771543086172344 0.07379961985104994 0.1590534186152617 0.11043309275033146 -0.040372652146760106 -0.12189882643341428 0.1847898961422445 0 0.05810718430421493 0.09530657804965387
5.791583166332665 0.0938317326059784 0.15931548683501492 0.11395094004674608 -0.031787182784827804 -0.12903629089703025 0.19161149345189607 0 0.061262460564106336 0.0919754846395304
5.811623246492986 0.12024401633239595 0.13741376140900483 0.09469093534980927 -0.019199742768661196 -0.17807744292725275 0.24538909522945968 0 0.06425162568524093 0.08855508117654197
5.831663326653306 0.1250920630440795 0.12562569619014627 0.08253038633503736 0.030697028264922342 -0.15629738198015639 0.2402501116407179 0 0.06707292494671528 0.08505291871104621
5.851703406813627 0.10640455918184402 0.13202552621462244 0.06951993011693816 -0.007208167915119178 -0.11066637918064019 0.2588959969141057 0 0.0697249220670735 0.08147653661524272
5.871743486973948 0.12409472328593106 0.11818018013857191 0.06889979813268943 0.033026515909999166 -0.14272390408783484 0.2729831529499205 0 0.07220649531300147 0.07783345007641751
5.891783567134269 0.11357838268162355 0.12218556322270913 0.05914891763342215 0.04474955407508784 -0.12671517963957346 0.2673123873877454 0 0.07451683315377068 0.07413113787919026
5.911823647294589 0.1090681733220466 0.08804954713829727 0.03632858353281154 0.10331947095747782 -0.11008256057580218 0.2502897397717042 0 0.0766554294777839 0.07037703049167576
5.9318637274549095 0.09149840470545914 0.07984869211531971 0.036872531068618986 0.08961824497051969 -0.09684843201227217 0.2115623162202456 0 0.0786220783879949 0.06657849846965744
5.95190380761523 0.10165404166376187 0.08637357186868114 0.03556101943826869 0.07968767123337286 -0.08845786644973562 0.233759021963778 0 0.08041686859334897 0.0627428411920581
5.971943887775551 0.09672983372812129 0.0836311530509164 0.0493257019004745 0.06666715742659012 -0.06760592189449487 0.2502309558625105 0 0.08204017741373842 0.05887727594016415
5.991983967935871 0.09031089454372873 0.11646818650850688 0.053646602654247255 0.07549861484145466 -0.06030724597826301 0.23172260985094795 0 0.08349266441626785 0.054988927332236946
6.012024048096192 0.11087955608242529 0.09772084706467146 0.0039150984430054644 0.06573645112725696 -0.07032236873787233 0.24470479978387707 0 0.084775264700898 0.05108481712430978
6.032064128256513 0.1165855674041414 0.11618024272844217 -0.009403465813296553 0.0740313265715947 -0.0762266166790848 0.26768291051680715 0 0.08588918185376794 0.047171854387139944
6.052104208416833 0.08709592848925723 0.09644343394787738 0.021152705282597568 0.09137210148249636 -0.06777385202485198 0.297825142824425 0 0.08683588058669633 0.04325682606844672
6.072144288577154 0.1042886341347774 0.08407429503776627 -0.003802237796589472 0.1341096473379928 -0.05941162487316268 0.2763346931980085 0 0.08761707908152362 0.03934638794873839
6.092184368737475 0.09643370532747092 0.08943202564699373 -0.0191832146861417 0.08748166245652429 -0.04679160840872208 0.2889908674422828 0 0.0882347410580861 0.03544705599820162
6.112224448897796 0.1206670556877029 0.07852028401302077 -0.005627274430443506 0.11511246884864175 -0.06535183790367852 0.3119759287148981 0 0.08869106758470777 0.031565198141296144
6.132264529058116 0.11785692083003667 0.10949326642213468 -0.028531219387177786 0.09055478572299239 -0.023828924459692053 0.2788694078000616 0 0.08898848865015488 0.027707026434882705
6.152304609218437 0.11116472547625719 0.08775822267729341 -0.0357554053756376 0.12009567084571794 -0.01816763673230612 0.29853075849800564 0 0.08912965451602607 0.02387858966489327
6.1723446893787575 0.10463207437071351 0.07798241685500108 -0.028647104463005894 0.12867837664938767 -0.017242561714284392 0.27144944481194905 0 0.08911742686854532 0.020085766365750664
6.192384769539078 0.09772602073848069 0.06474501955545106 -0.026160678502967515 0.12726293536850072 -0.02347088670620595 0.24925977995124254 0 0.08895486978868743 0.016334258265941003
6.212424849699398 0.10479516784250915 0.07960563552897813 -0.017793035527825952 0.12501843178971903 -0.05791391667424744 0.22847521981822871 0 0.08864524055949763 0.01262958416236081
6.232464929859719 0.12302653281601814 0.08453753021321178 -0.03980618061392688 0.1417716299942011 -0.03783900166430921 0.23051825600440054 0 0.08819198032936655 0.00897707422527943
6.25250501002004 0.15741013677325155 0.07034281355795542 -0.02509633843523529 0.12865926834261987 -0.05036652403800378 0.2200474059121568 0 0.08759870464989472 0.005381864734998078
6.27254509018036 0.13263132945015874 0.06926636327411446 -0.013300242867123493 0.14061283544024775 -0.006678830030387808 0.2169048057737858 0 0.08686919390682116 0.0018488932505301098
6.292585170340681 0.13900820462827615 0.04262769464331287 -0.0744620171173804 0.16504776268254098 0.01977334458180991 0.23000636528021695 0 0.08600738366230584 -0.0016171057901045293
6.312625250501002 0.1638635931335317 0.027616443543505433 -0.023891453061220074 0.17197307941151288 0.009030290922660934 0.26231622114038855 0 0.08501735492664281 -0.005011605039099145
6.332665330661323 0.16329695732323565 0.002290040282252901 -0.03495030077141748 0.15334097195020988 0.037299148985075456 0.2517368139837857 0 0.08390332437724012 -0.008330287779432092
6.352705410821643 0.16433663425585626 0.011697862890724067 -0.06523675757072446 0.16075854781668525 0.03549125028235505 0.2451351600161505 0 0.0826696345424395 -0.011569051039310585
6.372745490981964 0.15842782601876962 0.000822480833811734 -0.06773518185057609 0.15282988292223873 0.027002578977721316 0.24901523941524062 0 0.08132074396745811 -0.0147240082836808
6.3927855711422845 0.17246596211423218 -0.003274247641498789 -0.046568857989801586 0.13455617459549155 0.05440867633657596 0.18955813054081833 0 0.07986121737942338 -0.017791491686645705
6.4128256513026045 0.1734016963909919 -0.03707927177964763 -0.0252031097476949 0.16109921671335875 0.030018566675084086 0.1942175930131471 0 0.07829571586813511 -0.0207680539892689
6.432865731462925 0.1740780551589166 -0.02370539172383874 -0.01895654394932595 0.1419722570753555 0.07092949240176048 0.18983573691628747 0 0.07662898709883378 -0.023650469947850424
6.452905811623246 0.16606595612599936 -0.007749941255097468 -0.000712344447589422 0.08988810177875792 0.06051725060041142 0.16892596333919369 0 0.07486585557287677 -0.026435737378351646
6.472945891783567 0.13646639878928743 0.00012825081136115635 0.021824409564203753 0.09878902051553694 0.09401880529208523 0.16881923833851786 0 0.07301121295182664 -0.029121077803219802
6.492985971943887 0.14131302915069827 -0.02784004150766447 0.0231179640987299 0.1377158763738596 0.11190234024309102 0.16317528277256863 0 0.07107000846004244 -0.03170393670740578
6.513026052104208 0.11697945348279962 -0.022650067932919724 0.04175228462728149 0.12558317862571433 0.1484426542751938 0.1492243975806607 0 0.06904723938043145 -0.03418198341089797
6.533066132264529 0.10577830035130223 -0.01385999080352847 0.07699118911971813 0.12234904307683701 0.1516333055929916 0.19006562669971608 0 0.06694794165757245 -0.036553110565594175
6.55310621242485 0.13572062974306384 -0.024335584972500574 0.14208249190801264 0.11750222095351891 0.14052942111360442 0.15698669170919474 0 0.06477718062195571 -0.03881543328481746
6.57314629258517 0.12865426399411625 -0.043498580675206934 0.13217401131883366 0.11105649060328457 0.16513555247269388 0.18701615964640908 0 0.06254004184860978 -0.04096728791423327
6.593186372745491 0.13082425235616515 -0.04771946060356535 0.1360817724109714 0.12673008864636912 0.17336332892347947 0.14103079429978205 0 0.060241622162893464 -0.04300723045336066
6.613226452905812 0.11932147140203687 -0.04979713947314217 0.16070752750120104 0.10608728746595505 0.15258604464956857 0.1541600158981333 0 0.057887020805730695 -0.04493403463727556
6.633266533066132 0.12151644385273422 -0.043439758910474795 0.17212984255746122 0.11748521584024335 0.16953885323238824 0.14313772893746307 0 0.05548133077005048 -0.04674668968849093
6.6533066132264524 0.134254750989909 -0.07147138242079187 0.21435931696419608 0.0845981343846774 0.15484578541410973 0.15635239801986286 0 0.0530296303196736 -0.04844439774935512
6.673346693386773 0.11182556613069795 -0.07308416265064953 0.217347925302177 0.09261610916081996 0.15386594500943918 0.17999524901717975 0 0.05053697470135707 -0.05002657100564495
6.693386773547094 0.09390814869353563 -0.05624144174565724 0.207306812575472 0.09554005089036696 0.18273083902062723 0.12768985273061462 0 0.048008388060164935 -0.05149282851234159
6.713426853707414 0.08536356639216548 -0.07119943765745616 0.2039779792703094 0.08018111892376915 0.15700336941401383 0.12285144721248367 0 0.04544885556779296 -0.05284299273286013
6.733466933867735 0.08112055942769507 -0.06983974723687149 0.20359737734049352 0.08042028518452364 0.14634710394174336 0.12408896283096583 0 0.04286331577292051 -0.054077085803266194
6.753507014028056 0.08099380080568253 -0.07482487199034973 0.1810780087608422 0.09477461677578312 0.14171718940492464 0.11010575237889311 0 0.0402566531821112 -0.05519532553324704
6.773547094188377 0.09234711299226009 -0.08730213286325636 0.17275199871538213 0.08884936370926103 0.15685387731764994 0.11028311360809719 0 0.03763369107922083 -0.05619812115581788
6.793587174348697 0.07784064119282465 -0.0989140802376468 0.13577744350108098 0.08284523306227053 0.11651564190949934 0.0641314780413044 0 0.034999184590714896 -0.05708606883792924
6.813627254509018 0.08937275732472305 -0.09651845261608744 0.13107103144420537 0.060254966724445795 0.12345572368552567 0.061786293328878784 0 0.03235781400373173 -0.057859946964304694
6.833667334669339 0.08373903181975209 -0.12592199170252238 0.13416707296539454 0.025946262776145215 0.09085333876513954 0.04489721931694783 0 0.02971417834316848 -0.05852071120697639
6.853707414829659 0.09313922170521755 -0.13070650099088263 0.16067723391607913 0.015279333265748391 0.11123000918215757 0.030297567752371687 0 0.027072789213500602 -0.05906948939310116
6.8737474949899795 0.08710261021867931 -0.15058197111018637 0.16407984646989346 0.021181754882162354 0.13918828610363485 0.040722506027819856 0 0.024438064910488118 -0.05950757618373037
6.8937875751503 0.07986105944157776 -0.15796034105188528 0.1360535936948136 -0.0052863613323647215 0.12038861883406575 0.04890547476908931 0 0.021814324807363974 -0.05983642757627506
6.913827655310621 0.08673609282803693 -0.14751180438119335 0.13229586730443083 -0.013071059331933917 0.11232044170843461 0.05177056578700471 0 0.019205784019541292 -0.06005765524345313
6.933867735470941 0.08412279217894246 -0.1285625845698628 0.1409180525247343 -0.08182263668838147 0.12937311295864024 0.049536782876485747 0 0.016616548351329943 -0.060173020721527574
6.953907815631262 0.09111320872613135 -0.12204354638886736 0.14449623385042198 -0.10447666467551318 0.1483988699387865 0.02857735754215351 0 0.014050609527603704 -0.06018442946064545
6.973947895791583 0.07571817543041305 -0.1455578360383347 0.15232079496301906 -0.10636148513833066 0.15756824929654717 0.03236857775243379 0 0.011511840712822923 -0.06009392475006618
6.993987975951904 0.10394048970049305 -0.168793203833132 0.1504631593160684 -0.08872444513828731 0.1253717942442506 0.01719269556546504 0 0.009003992319279945 -0.059903681531025176
7.014028056112224 0.12680687523883266 -0.17155590185692307 0.16458554497903752 -0.07395801366040358 0.08544826757207291 0.02486682198147232 0 0.006530688105913265 -0.05961600010991609
7.034068136272545 0.130829544157381 -0.21663946745619075 0.16352540559517437 -0.10655473830251305 0.10767305749494176 0.031356721102664416 0 0.004095421568515311 -0.05923329978439139
7.054108216432866 0.1084962449481578 -0.20739062276360226 0.17932972331260938 -0.13575367667145238 0.13454815462797165 0.07004481639826116 0 0.001701552621653315 -0.05875811239487848
7.074148296593186 0.1314554413381464 -0.21289539376273373 0.12123127489508757 -0.11544919101153128 0.0934388460184012 0.06574139595322412 0 -0.0006476954278804022 -0.05819307581388637
7.0941883767535066 0.1405698504480335 -0.23583476436649484 0.12211380100975268 -0.12522346050654495 0.08333765963897465 0.0676829343039634 0 -0.0029492386167581904 -0.057540927385337504
7.114228456913827 0.10569431590049673 -0.24655423863212456 0.09909341514576438 -0.1145205385928562 0.10465137509490596 0.053977844242980265 0 -0.005200134771094637 -0.05680449732600141
7.134268537074148 0.10775500067436598 -0.25975901838117 0.11796993561628012 -0.1338245753567557 0.09735558429329168 0.08107632294977445 0 -0.00739758566432925 -0.05598670210093061
7.154308617234468 0.0804546506798924 -0.2677617661487818 0.10654337716407765 -0.12184575646474553 0.14098475862130935 0.0842643056170286 0 -0.009538938889082658 -0.055090537784607665
7.174348697394789 0.06210064738901064 -0.2635771876299653 0.11920603358714188 -0.11769085768697593 0.1165062299002492 0.05382293894835002 0 -0.011621689445499777 -0.05411907341930363
7.19438877755511 0.049444070721785666 -0.26630612808893966 0.13037148021912362 -0.12716450552601966 0.1493835269550047 0.06698905233745256 0 -0.013643481049019857 -0.05307544438192522
7.214428857715431 0.026681588304761843 -0.2476941849792905 0.1312567274123412 -0.1565405363735946 0.13359151645976222 0.038632978256556545 0 -0.01560210716093242 -0.051962845770389086
7.234468937875751 0.07403739464357494 -0.24490407303445966 0.08756607382837686 -0.16514665389393599 0.1210336843894749 -0.002536178211264192 0 -0.017495511745476512 -0.0507845258203106
7.254509018036072 0.05453296692939796 -0.25333502714028205 0.08415140310693854 -0.16181374920476568 0.13870198707323525 -0.01530893768767325 0 -0.01932178975763062 -0.049543779362528295
7.274549098196393 0.056453256167802696 -0.24815592788269666 0.06443101726130708 -0.16915830474119403 0.1475493119592375 -0.07725537799311216 0 -0.021079187366111106 -0.048243941331708534
7.294589178356713 0.07418159154343935 -0.26264648861771733 0.05711318056316806 -0.14038808415049403 0.14932688789842335 -0.08774197105383244 0 -0.02276610191645751 -0.04688838033598407
7.314629258517034 0.028005577625613686 -0.25503462449186626 0.014256160175098002 -0.15060344771514708 0.1434978731162574 -0.1173592974939886 0 -0.024381081639423173 -0.045480492297280344
7.3346693386773545 -0.0017823046029684633 -0.27550834392906537 -0.05807567101750537 -0.18161876087316667 0.15009072477290766 -0.12623016150114114 0 -0.025922825110216555 -0.04402369417167309
7.354709418837675 -0.006039446293906391 -0.28235096083018024 -0.058067389591682964 -0.16329817583423215 0.1134537657598926 -0.11263844021184513 0 -0.027390180464451564 -0.04252141775879809
7.374749498997995 -0.03807348143949768 -0.2782845726101402 -0.05562130105403452 -0.18051107993151827 0.09214847020768614 -0.11906424909479046 0 -0.028782144376957537 -0.04097710360900696
7.394789579158316 -0.08858927488172746 -0.28724883751339264 -0.07619219839454157 -0.17824290198348616 0.08305683377087512 -0.1381907394808821 0 -0.030097860809880046 -0.03939419503662299
7.414829659318637 -0.07240758043763054 -0.2945689626071921 -0.09938759202575252 -0.16212269528657883 0.054183918694435826 -0.10887412800648516 0 -0.03133661953676414 -0.037776132247308566
7.434869739478958 -0.10081291859745437 -0.3008686855362889 -0.07016554612809721 -0.16541575895157423 0.046149359716527706 -0.09782643152942104 0 -0.03249785444955963 -0.03612634658720073
7.454909819639278 -0.11549342256738536 -0.3016016617368828 -0.04726853655852794 -0.16509190332916823 0.04525624587689417 -0.09272997559277067 0 -0.03358114165571486 -0.03444825492111689
7.474949899799599 -0.12959319452237733 -0.28321781615373914 -0.06415165315568364 -0.13716683171359675 0.02969262006618085 -0.13390473392546642 0 -0.034586197372739484 -0.03274525414676742
7.49498997995992 -0.14551661149953343 -0.250303365286258 -0.05688552006279611 -0.14067991609852062 0.025913307219051468 -0.14935922964587645 0 -0.03551287562781125 -0.03102071585154665
7.51503006012024 -0.15254163499921722 -0.23767961456782385 -0.10704631346036586 -0.11434723601643652 0.07003812105582966 -0.1694645034580626 0 -0.03636116577018231 -0.029277981118099795
7.535070140280561 -0.1587605115998672 -0.2530088934187118 -0.1382631952253434 -0.11224272199544114 0.04376892813604005 -0.14729574203161117 0 -0.03713118980430195 -0.027520355484491214
7.5551102204408815 -0.1782860171891463 -0.24711554707232722 -0.1041544980038193 -0.12604228711533363 0.04316498128259428 -0.15962772540123432 0 -0.037823199551718346 -0.025751104064422478
7.575150300601202 -0.19649252405207157 -0.2430996920152667 -0.11886418971475032 -0.09717503518430047 0.03337664851892731 -0.18707247891015816 0 -0.0384375736499524 -0.02397344683256819
7.595190380761522 -0.20147593190441682 -0.2387462962895299 -0.11972856670549721 -0.10617041387810881 0.019882986563847113 -0.18864828896268912 0 -0.038974814396648454 -0.022190554079720662
7.615230460921843 -0.19298290003743024 -0.21655278777500186 -0.12618778723317498 -0.0984669748813572 -0.010865918349601593 -0.1876722154043406 0 -0.039435544447404054 -0.020405542042052225
7.635270541082164 -0.20483378316850215 -0.21754154539445236 -0.13202572776172938 -0.08504493811662603 -0.0011574183205811989 -0.18597085805380192 0 -0.039820503375760756 -0.018621468708426687
7.655310621242485 -0.2339790429603348 -0.18411157092368413 -0.13103639278509766 -0.12894288257742584 0.024207271323490258 -0.19795178086061926 0 -0.04013054410390351 -0.016841329809309673
7.675350701402805 -0.23509866215537403 -0.20526757836822584 -0.12226567437899984 -0.09257663494755138 0.048604253318769546 -0.19441080020180265 0 -0.040366629212664144 -0.01506805499045314
7.695390781563126 -0.24402546096729205 -0.1681155635393883 -0.10348262689459521 -0.09913668286469818 0.012256589674908716 -0.20598945540147826 0 -0.0405298271394585 -0.01330450417415206
7.715430861723447 -0.2230390780972082 -0.17513853118924863 -0.07919336318115955 -0.08101504851970813 0.0172184778605357 -0.1873535445196408 0 -0.040621308272804135 -0.011553464110500896
7.735470941883767 -0.20689195364629315 -0.18343534471708287 -0.08472450633035576 -0.08660844410301595 0.018036174131412154 -0.21466527849075318 0 -0.040642340952069825 -0.009817645120705704
7.755511022044088 -0.18785501941975316 -0.19600581198366154 -0.09236352027356487 -0.07689911094998013 0.0060699986151685195 -0.16335221304547354 0 -0.040594287381095356 -0.008099678034144507
7.775551102204409 -0.1872614842542025 -0.18175415761324037 -0.08214367418926947 -0.07548507674637735 0.013011837506447226 -0.1792390221094238 0 -0.04047859946429507 -0.006402111320507655
7.7955911823647295 -0.170197585710968 -0.17436824379457208 -0.1039909183355497 -0.05301906117816639 -0.013661753473494733 -0.1951284253315055 0 -0.040296814573818375 -0.004727408417991746
7.8156312625250495 -0.18694282898596842 -0.16685237260942717 -0.10070238659132687 -0.04808998180902643 0.008749833239000816 -0.20423553441435133 0 -0.040050551256286766 -0.00307794525817273
7.83567134268537 -0.19152893337396204 -0.15817574003909027 -0.08887741289986396 -0.039292585322611616 -0.015373381433846523 -0.20646022433431313 0 -0.039741504887560196 -0.0014560079878370596
7.855711422845691 -0.17842935073786467 -0.15454286946375365 -0.11698071224799617 -0.0351264329205046 7.04725195387923e-05 -0.21093973450494552 0 -0.03937144328390546 0.00013620911228658035
7.875751503006012 -0.1754835794360518 -0.1555459668579884 -0.1456074064632073 0.017785960338106623 -0.020565374672306062 -0.20445216182838966 0 -0.03894220227784707 0.0016966055122865195
7.895791583166332 -0.17383880873944127 -0.11551343325021325 -0.16057119137571008 -0.011076003904750713 -0.005321586133045722 -0.225299519535793 0 -0.03845568126687621 0.003223176122031574
7.915831663326653 -0.15925797475225406 -0.10741981336228357 -0.17594034558219182 0.032893957017916496 -0.024238097286131032 -0.2272099628752433 0 -0.037913838743077195 0.0047140127853706245
7.935871743486974 -0.14977746244891954 -0.07588104054649662 -0.18179001352999655 0.022205861306212174 -0.05770531577442439 -0.19203612392562458 0 -0.03731868781160331 0.006167305580906874
7.955911823647294 -0.1527785153880115 -0.060810134760421006 -0.1275232888660437 -0.003254243294538861 -0.055737821690506416 -0.14892530541632687 0 -0.03667229170579489 0.0075813439309879585
7.975951903807615 -0.163288380029214 -0.05616410204965315 -0.1301135706693508 0.023047361814409962 -0.05212833774845234 -0.1873985487139315 0 -0.03597675930658406 0.008954517520842654
7.995991983967936 -0.1710053599034975 -0.05570870925506114 -0.1444387797571521 -0.0029218206138932694 -0.09472393924470325 -0.1808068324898231 0 -0.03523424067367165 0.010285317030077509
8.016032064128256 -0.16303632985320235 -0.02660370717809587 -0.1101972668066165 0.005088007475348834 -0.10169220388148757 -0.18780935183614844 0 -0.034446922595792816 0.011572334679021445
8.036072144288577 -0.17818354352689003 -0.04414475433574386 -0.11458380331254932 0.012485465921496583 -0.13135500502437542 -0.19313184820191268 0 -0.03361702416721095 0.012814264592668212
8.056112224448897 -0.15511012898226736 -0.010264482504231256 -0.10352380872414342 0.006713001061593479 -0.13493960604003866 -0.20090197207827484 0 -0.03274679239739392 0.014009902985220236
8.076152304609218 -0.12075218854643519 -0.02308005564531103 -0.1032463596015721 0.02296044069584641 -0.18318561008225193 -0.20731267983733548 0 -0.03183849786063133 0.015158148168482544
8.09619238476954 -0.15148411682293764 -0.02587224091081097 -0.10496244328637662 0.03240876644159597 -0.17708917601052876 -0.205539500351267 0 -0.03089443039215133 0.016258000387586614
8.11623246492986 -0.13866694038500982 -0.02008089865012623 -0.09148270063842126 0.018502484161406013 -0.18742780492155933 -0.1657549066950812 0 -0.029916894837085886 0.01730856148774797
8.13627254509018 -0.14900605299474656 0.007794856834106616 -0.05315509954709793 0.008556091922741246 -0.16817763616955994 -0.1626648976631493 0 -0.02890820685841877 0.01830903441597279
8.1563126252505 -0.13978914323193706 -0.0007264574974004828 -0.04343562396338253 0.03241482411840642 -0.17296273953728541 -0.16071359682455166 0 -0.027870688809828136 0.019258722561830643
8.176352705410821 -0.13695205623857482 0.009367958824971304 -0.061586617108762835 0.040150983780589684 -0.15822760998695784 -0.1807098502416855 0 -0.02680666567911084 0.02015702894159905
8.196392785571142 -0.1479051220317952 0.0024497379267422225 -0.055487374086458215 0.050393064046830596 -0.17198254741171426 -0.16273739689107636 0 -0.025718461107640204 0.0210034552302674
8.216432865731463 -0.14743074247805635 -0.0012234781726442256 -0.02813513161107732 0.05777011597571782 -0.21842338892766425 -0.15611165693958665 0 -0.02460839349107554 0.0217976006460533
8.236472945891784 -0.1608890929751022 -0.0059149818234149375 -0.043652211343649425 0.043659886169190996 -0.19616464245035414 -0.1623792230669521 0 -0.023478772166299008 0.022539160692242616
8.256513026052104 -0.1556986746497841 0.01266849136629852 -0.07278669233562873 0.01844217076522447 -0.1932675187981529 -0.14430685949334338 0 -0.022331893689311596 0.023227925761309772
8.276553106212425 -0.16023291505922566 0.02928789448635022 -0.06919267172248274 -0.008643953718736046 -0.20457387207435662 -0.13410512437707378 0 -0.021170038208572405 0.023863779606409213
8.296593186372744 -0.14031161182573307 0.05674077372482074 -0.11090888433237722 -0.02972668839931233 -0.19278002895774876 -0.1482090260705574 0 -0.019995465938015253 0.024446697685451935
8.316633266533065 -0.1293385922139275 0.07398169175905582 -0.05422113590759873 -0.02060887351607508 -0.19447407481743031 -0.12635128705117812 0 -0.018810413733723476 0.02497674538309329
8.336673346693386 -0.1490622536328819 0.09625896607419264 -0.04510816875286737 -0.035365869202187546 -0.1791237533985524 -0.08652335938334417 0 -0.017617091777991825 0.02545407611605763
8.356713426853707 -0.1314779201914648 0.11610059414108748 -0.04476511569723333 -0.09527196749833505 -0.17607611461529282 -0.04939744679947841 0 -0.016417680374245413 0.025878929327316766
8.376753507014028 -0.09084368893721555 0.1203433900983619 -0.050627634118755566 -0.11055460079448867 -0.16076534816252547 -0.04396176600740054 0 -0.015214326856033003 0.026251628374715716
8.396793587174349 -0.09070063542019355 0.11203797050708598 -0.0393437802281061 -0.10173514460150035 -0.1825649599999229 -0.02961447167911354 0 -0.014009142613053307 0.02657257831970759
8.41683366733467 -0.08431168931720649 0.1126503120982801 -0.12383321549054081 -0.07937157937386106 -0.17506845807703678 -0.03470959621817082 0 -0.01280420023691712 0.02684226362191565
8.436873747494989 -0.09341996911507282 0.1162125653147044 -0.10049037481568932 -0.06315974461272349 -0.17150898778065343 -0.041626404518498354 0 -0.01160153078909235 0.027061245745286122
8.45691382765531 -0.0797715913477301 0.10272421992975557 -0.1632088066196485 -0.0891277149121516 -0.13974828532325284 -0.043485266627574015 0 -0.010403121193223102 0.027230160681630755
8.47695390781563 -0.09693153570388473 0.12682702496667045 -0.1624691602644418 -0.10268303416126356 -0.14563521976664046 -0.039203224994463604 0 -0.009210911753762704 0.027349716397381877
8.496993987975952 -0.11053727741378248 0.10455530365764686 -0.14045049177542537 -0.08127717138222411 -0.12634553836336693 -0.007908368490272603 0 -0.008026793802604898 0.027420690209397976
8.517034068136272 -0.11251589021206745 0.1072112987064428 -0.14318452885909044 -0.060636282118452595 -0.13075411063015938 -0.018014338106628912 0 -0.006852607475151454 0.027443926095660858
8.537074148296593 -0.11992602601828897 0.08686575235925738 -0.13474010038566017 -0.07170545719174255 -0.10409868167122072 -0.04722242468881764 0 -0.0056901396170050056 0.02742033194670024
8.557114228456914 -0.10531064592042964 0.09583597050554277 -0.15048383176517077 -0.0562075958879464 -0.11938706640633936 -0.03858560956298717 0 -0.004541121822232374 0.02735087676356563
8.577154308617233 -0.12308791850012644 0.11285288007879771 -0.12175275413215664 -0.04261967990746492 -0.1539852391295852 -0.03755992519995724 0 -0.0034072286039025608 0.027236587808140367
8.597194388777554 -0.11283046681108275 0.09773950944842107 -0.12478636575377546 -0.015456112605459872 -0.16781722796908802 -0.038046179121214274 0 -0.0022900756973654574 0.027078547711558144
8.617234468937875 -0.10829259665802918 0.09942093710215037 -0.1418050941781411 8.209452502233427e-05 -0.17922157217482515 -0.044496758669267916 0 -0.0011912184965058629 0.026877891546439006
8.637274549098196 -0.14869320882183779 0.09482823057792826 -0.13518055022471956 0.04006814802403685 -0.14739819987958375 -0.01774527448649657 0 -0.00011215062297460219 0.026635803868609156
8.657314629258517 -0.13403560894840896 0.08773005994311302 -0.07522176711332466 0.05014318682273076 -0.15557690066193883 0.010060877141662181 0 0.0009456973718226843 0.026353515733908588
8.677354709418838 -0.12779424150647078 0.06571336833320132 -0.05274119143475413 0.055567594096032416 -0.12641214672151432 0.024403524583034075 0 0.0019809591724205804 0.026032301695620933
8.697394789579159 -0.11589817097201549 0.07208497683846962 -0.07475237218466937 0.08783536448805068 -0.1145283390607515 0.06433251716183687 0 0.0029923337333283345 0.025673476787983356
8.71743486973948 -0.1265577115111849 0.0815916100969337 -0.06584378964226914 0.09492147623551804 -0.12356141521791618 0.06468390710994054 0 0.003978586182268837 0.025278393501149098
8.737474949899799 -0.07899753046740042 0.09157903656173445 -0.06885922215319994 0.09491404802598588 -0.1358576296715315 0.059295479427561415 0 0.00493854859369101 0.024848438752883492
8.75751503006012 -0.1034403474352453 0.0879788463724908 -0.05087902587722356 0.07501419854871556 -0.11102948342617305 0.06134112779588263 0 0.00587112063382304 0.02438503086217462
8.77755511022044 -0.07489277409090551 0.1043442556949278 -0.017564579977877116 0.06550911938111321 -0.11064967970072129 0.07273759838630822 0 0.00677527007872404 0.023889616529834488
8.797595190380761 -0.07772327607840838 0.12021635382260588 -0.005983581787657835 0.09140441605065011 -0.08578614247845773 0.043874827317082386 0 0.007650033206980306 0.023363667831052905
8.817635270541082 -0.08945821878024386 0.13335967651815542 -0.028649777965045985 0.09140385201866316 -0.06287400042840685 0.05413953699301241 0 0.008494515068868523 0.02280867922474876
8.837675350701403 -0.07648264563239328 0.13576979038641818 -0.019196335476196934 0.07349723008699467 -0.10108472829415335 0.09736756740908568 0 0.009307889633982665 0.022226164584438213
8.857715430861724 -0.05285237394992638 0.12594186023778858 -0.049722327561389904 0.08901955670674001 -0.11110048996729421 0.08302693459797095 0 0.010089399819486373 0.021617654255209555
8.877755511022043 -0.028838572453741253 0.1097690179054792 -0.0182332119613696 0.09182514958465773 -0.10693243581841383 0.09090469533338645 0 0.010838357401311534 0.02098469214125933
8.897795591182364 -0.033079266248971624 0.11529883869303166 -0.02750047540652825 0.10065250127331112 -0.11796096471859588 0.09241721364925665 0 0.011554142810775847 0.02032883282830384
8.917835671342685 -0.04024909198831501 0.10221831503100985 -0.00933470098854406 0.10795502123708417 -0.12701475076872584 0.093737324476131 0 0.012236204819235442 0.01965163874503699
8.937875751503006 -0.03315815833643294 0.09868642120188588 -0.030868841393425158 0.12771398490435948 -0.15809602685948446 0.1117116308406556 0 0.012884060113528098 0.01895467736765451
8.957915831663327 -0.033428673692538345 0.10191394020904845 0.01084517133200123 0.09280769290000788 -0.13751728564774002 0.11008481431994117 0 0.013497292765090173 0.018239518471314223
8.977955911823647 -0.007535031769880245 0.08862670649448784 -0.004323678975326835 0.0786903715134183 -0.13842234524347052 0.1265464285565731 0 0.01407555359575422 0.017507731432244655
8.997995991983968 -0.006047278351335406 0.09415387976743363 -0.01959936841155829 0.06837939856760483 -0.16159903781961274 0.11128989709755065 0 0.014618559443348673 0.01676088258405547
9.018036072144287 0.008390499635611968 0.0858686537116002 -0.0028567647431172578 0.07946472296084293 -0.1534812937919923 0.10549220302767999 0 0.015126092330328376 0.0160005326316412
9.038076152304608 0.012471512862211391 0.062373835719904014 -0.03468619022127285 0.11225752254581696 -0.1813542469102277 0.10327647476498815 0 0.015597998538764831 0.015228234125904606
9.05811623246493 0.015692642955846374 0.0792433252151191 -0.011451836018674158 0.0981429591608037 -0.15449980422571746 0.12481783852105313 0 0.016034187595116278 0.014445529002360619
9.07815631262525 0.009090287966301848 0.08069255309281217 -0.0013539049003187225 0.1476559888272087 -0.137061739287401 0.14370865027919 0 0.0164346311682838 0.013653946186510934
9.098196392785571 0.00623828897841469 0.0655298634101389 0.004861140555998895 0.11143995340626082 -0.14241211257180839 0.13552818968151856 0 0.016799361884535177 0.01285499926871134
9.118236472945892 0.02252653541348632 0.08846602866659653 -0.033179911942718375 0.0911468649901296 -0.15354085579101107 0.15214534914038827 0 0.017128472062948305 0.012050184251081203
9.138276553106213 0.005111840528123853 0.11895576369348054 -0.03673889532821703 0.05828575063213587 -0.11150369730825231 0.10186923024897544 0 0.01742211237508777 0.011240977368832542
9.158316633266534 -0.001676325234861751 0.11364977213215852 -0.06766490736433378 0.05259758777124903 -0.14472957641898587 0.08227449694679816 0 0.017680490432682418 0.010428832988223297
9.178356713426853 -0.0022619263265794354 0.09388385121087806 -0.05328854662164046 0.052044851593713394 -0.11677200423656907 0.09983772586806994 0 0.0179038693071186 0.009615181583166148
9.198396793587174 0.016711681523720268 0.09953000623474606 -0.06354887396801695 0.07097202032555093 -0.12305160900606461 0.07507001613718593 0 0.018092565984603532 0.008801427792350585
9.218436873747494 0.008210546458356888 0.10958363119707362 -0.018019763872079656 0.06780313759070322 -0.1090038795496541 0.10399499898673785 0 0.01824694976088496 0.007988948558564576
9.238476953907815 0.02269781058302237 0.1131832896523454 -0.03007754347561635 0.04139248379471772 -0.0980432072184028 0.0767744243735971 0 0.018367440579439002 0.007179091351727252
9.258517034068136 0.06632157585414429 0.12166955085218258 -0.04842007201580236 0.03159575998057932 -0.07628408831418802 0.06912635475592963 0 0.0184545073170553 0.006373172476975195
9.278557114228457 0.06887843867840909 0.10631836242965192 -0.05285330494657498 0.04461168594829101 -0.05419068601153423 0.07721875246423414 0 0.01850866602075992 0.005572475468972982
9.298597194388778 0.08685611867616076 0.09119618756555782 -0.04525494194385758 0.0384483324930185 -0.043774759787351465 0.06767169131613596 0 0.018530478100020394 0.004778249573450321
9.318637274549097 0.0856982456363441 0.0684931355234217 -0.035828080951599436 0.03912675926779726 -0.03454568158422241 0.08408899869429425 0 0.01852054847817447 0.003991708316800766
9.338677354709418 0.09724745419850903 0.06694984764387883 -0.02992303347907938 0.03389977027773885 -0.06026502893220454 0.12362930995283206 0 0.018479523707015024 0.003214028164411208
9.358717434869739 0.12089559824667148 0.0641587649712286 -0.04260893346813696 0.0300428510752169 -0.03403194533530008 0.11946668355769244 0 0.018408090048447703 0.0024463472682295854
9.37875751503006 0.12762352789958017 0.08691941732368429 0.003071061052620368 0.030027953727037777 -0.02325647344098759 0.09077283526667446 0 0.01830697152711574 0.00168976430391497
9.39879759519038 0.12114328387245986 0.08585608950890623 -0.014312639377397456 -0.0006877434097428123 -0.05325317920552304 0.07195624918421933 0 0.01817692795785834 0.0009453373977584677
9.418837675350701 0.13768881229386717 0.06526194226474094 -0.0069865230277232 0.01727370858922602 -0.045491619353398134 0.08048544797955103 0 0.018018752951834645 0.0002140831434064439
9.438877755511022 0.15473670463525424 0.02889066208520358 0.008294116587282345 0.07348257094575647 -0.0213105403701422 0.06351093777014752 0 0.017833271905105485 -0.0005030242917342298
9.458917835671341 0.142760382517595 0.02403450156730643 0.025056334959658203 0.0827842703010746 -0.0049643597159545185 0.06582034071577382 0 0.017621339973419425 -0.0012050539706783953
9.478957915831662 0.1334504319487895 0.010552887095159915 0.040883286502100616 0.10883825753076545 -0.030721151729235317 0.06782920275636282 0 0.017383840036898444 -0.0018911189020479184
9.498997995991983 0.1650832223286777 0.023210893569709415 0.024092378102350414 0.05626518831948802 -0.034461438661359985 0.0530684594997843 0 0.017121680658262882 -0.0025603766668165517
9.519038076152304 0.14791832626323884 0.03654211559815816 0.03173503014345025 0.030580206037190742 -0.032217455160296074 0.04565045859371735 0 0.016835794038173136 -0.003212029957311348
9.539078156312625 0.14724235962165683 0.023261922091805606 0.028032325026380624 0.015987060402268265 -0.01652420957946424 0.04763136509491364 0 0.01652713397120027 -0.003845327029299895
9.559118236472946 0.1515872759895793 -0.0016017674339647793 0.06528203228933421 0.020554299323978783 -0.004843943817736118 0.05372279233823812 0 0.016196673805866507 -0.004459562068124327
9.579158316633267 0.14450940546993363 0.013658096760166752 0.05970141728288146 0.05947596250029796 -0.010661620966302797 0.10293986456927816 0 0.015845404412121598 -0.005054075469968798
9.599198396793588 0.16110864084617316 0.005701160301828076 0.044755193817581695 0.08838222003428473 -0.01173903670867367 0.0851089474848192 0 0.015474332159541639 -0.0056282540394690045
9.619238476953907 0.127930132160787 -0.0298631971829054 0.08483911993095135 0.0861947799213331 0.011293308324261434 0.09687601180148679 0 0.015084476909453661 -0.006181531104989631
9.639278557114228 0.11242040979311352 -0.036269804680847166 0.03329896459145198 0.08383450128650133 0.059196306340562624 0.11017655801084933 0 0.014676870024101998 -0.006713386553008788
9.659318637274549 0.09599084676975267 -0.053591385398897365 0.050390064419331866 0.05908255947438175 0.07677782868875559 0.14083207546661336 0 0.014252552395882455 -0.007223346783155553
9.67935871743487 0.09806586045676907 -0.037544149098106695 0.06921400727551745 0.05691569338009118 0.07401726685891939 0.117168431952513 0 0.013812572499575345 -0.007710984585551872
9.69939879759519 0.08354692100531921 -0.028206745884713353 0.062065085195823766 0.053709442201190165 0.08643923505215977 0.06976269285824445 0 0.01335798447041241 -0.00817591894220686
9.719438877755511 0.11195204351992119 -0.053817297402314036 0.08062872909990099 0.06431213160532465 0.08844193103544613 0.07984471031496464 0 0.012889846210712179 -0.008617814754306162
9.739478957915832 0.11482157133706675 -0.07016505112334936 0.046350485365305845 0.0654314371247651 0.08401401383078433 0.06119648021681152 0 0.012409217527716029 -0.009036382497327458
9.759519038076151 0.09111324209161412 -0.08589194940642866 0.053759722353146355 0.07840828101566627 0.07407078330440058 0.07446774573994848 0 0.011917158305152222 -0.009431377805996689
9.779559118236472 0.08047380210599517 -0.0797892296133236 0.0633451686532865 0.07953663100617461 0.0686231416851223 0.04356836021587073 0 0.011414726710947752 -0.009802600991178526
9.799599198396793 0.0664276855341534 -0.0725021048023761 0.06661334261746327 0.07603311307244263 0.07955175762505746 0.04428858004329471 0 0.01090297744339976 -0.010149896490867234
9.819639278557114 0.048972222673843206 -0.05814428000060895 0.0943576046063828 0.08974075053823223 0.06037630421005056 0.035117078708376145 0 0.01038296001800578 -0.010473152257513774
9.839679358717435 0.04297480294337411 -0.04376662841085795 0.09224421876111988 0.05739128537262052 0.06604561946870587 0.07360317243519837 0 0.009855717097041358 -0.010772299083986862
9.859719438877756 0.0480677804456048 -0.021512366168318 0.0954738531718155 0.0735272377073589 0.04144523951310603 0.05592751300761082 0 0.00932228286385899 -0.011047309870524625
9.879759519038076 0.042553801596387095 -0.029928500571068103 0.09076563676220754 0.07599200066430413 0.041523166296300144 0.05500920269578388 0 0.008783681443767863 -0.011298198835086122
9.899799599198396 0.04074350092638231 -0.06646728891021673 0.09886210041115064 0.07214597986406848 0.012532258349725807 0.04697590231169027 0 0.008240925373238341 -0.0115250206695599
9.919839679358716 0.029504908692967603 -0.08994366456149724 0.07157128062431814 0.06191518079304143 0.022109920863837867 0.06281577782616884 0 0.007695014119058545 -0.011727869644329576
9.939879759519037 0.0030043644391935242 -0.06005091246581876 0.08415908454008506 0.02917863606665383 0.04681306439333777 0.019910791069207318 0 0.007146932648954669 -0.011906878663733713
9.959919839679358 -0.016565300110985857 -0.0713747905950104 0.11162989536912424 0.008529482683668535 0.04682572238636725 0.05039773709175849 0 0.006597650055068066 -0.012062218274990546
9.97995991983968 -0.0004314005207058147 -0.05901287193365943 0.08685803169765581 0.014015586347433082 0.03315844264628763 0.03170999060020456 0 0.006048118231566907 -0.01219409563318507
10.0 -0.026605790643706054 -0.08108314156597903 0.07394599854146236 -0.011742748662543804 0.057148122087896304 0.05457920283609469 0 0.0054992706075523085 -0.012302753424939096
